0 .0527664427
1 .1578723056
2 .0527065577
3 .0526031193
4 .1578579415
5 .2104205970
6 .0526411392
7 .0000264340
8 .2112202098
9 .0016451576
10 .0016201645
11 .0016244491
12 .0016386826
13 .0016046092
14 .0016095740
15 .0016103271
16 .0015932270
17 .0015994599
18 .0015895726
19 .0015923662
20 .0016052855
21 .0016095163
22 .0015878856
23 .0015756581
24 .0015941147
25 .0015849075
26 .0015925084
27 .0015602257
28 .0015638532
29 .0015920588
30 .0015609405
31 .0015599375
32 .0015400860
33 .0015360127
34 .0015105739
35 .0015149777
36 .0015016396
37 .0014663557
38 .0013933747
39 .0012847487
40 .0011308554
41 .0009627939
42 .0002998475
43 .0000683697
44 .0000358256
45 .0000320021
46 .0000133765
47 .0000026937
48 .0000003074
49 .0000000499
50 .0000000192
51 .0000000115
52 .0000000307
53 .0000001306
54 .0000000307
55 .0000001075
56 .0000000192
57 .0000000345
58 .0000000384
59 .0000000076
60 .0000000038
61 0
62 .0000000038
63 .0000000038
64 0
65 0
66 0
67 0
68 0
69 0
70 .0000000115
71 .0000000307
72 .0000000307
73 .0000000307
74 .0000000192
75 0
76 .0000000038
77 .0000000153
78 .0000000576
79 .0000000730
80 .0000000307
81 .0000000537
82 .0000000691
83 .0000000345
84 .0000000307
85 .0000000153
86 .0000000461
87 .0000000845
88 .0000000960
89 .0000000730
90 .0000000307
91 .0000000576
92 .0000000768
93 .0000000537
94 .0000000499
95 .0000000038
96 .0000000038
97 .0000000115
98 .0000000038
99 .0000000076
100 0
101 0
102 .0000001498
103 .0000001998
104 .0000256693
105 0
106 .0008450913
