0 .0105116032
1 .0109536684
2 .8457987143
3 .0043739575
4 .0468793931
5 .0150301188
6 .0157548588
7 .0101542520
8 .0035561883
9 .0007450203
10 .0004281518
11 .0002439865
12 .0001105561
13 .0000684099
14 .0002927865
15 .0007723322
16 .0008654546
17 .0007238665
18 .0003409484
19 .0000692151
20 .0000704702
21 .0006390519
22 .0010288724
23 .0013490507
24 .0011938152
25 .0060194559
26 .0056400090
27 .0075982533
28 .0058804332
29 .0018740069
30 .0003132946
31 .0000885345
32 .0000676238
33 .0000391649
34 .0000134100
35 .0000054099
36 .0000014488
37 .0000023261
38 .0000024211
39 .0000018989
40 .0000011393
41 .0000015191
42 .0000018989
43 .0000008545
44 .0000012817
45 .0000015191
46 .0000011393
47 .0000011393
48 .0000007595
49 .0000030382
50 .0000011393
51 .0000032281
52 .0000013292
53 .0000004272
54 .0000013767
55 .0000017090
56 .0000009969
57 .0000010443
58 .0000011393
59 .0000010918
60 .0000009969
61 .0000020887
62 .0000020413
63 .0000018039
64 .0000012342
65 .0000021837
66 .0000017090
67 .0000002848
68 .0000012342
69 .0000022786
70 .0000010918
71 .0000018514
72 .0000082127
73 .0000031559
74 .0000010880
75 .0000012342
76 .0000009494
77 .0000013064
78 .0000011393
79 .0000018514
80 .0000018039
81 .0000005696
82 .0000013292
83 .0000005696
84 .0000006646
85 .0000003797
86 .0000009000
87 .0000008526
88 .0000008545
89 .0000019008
90 .0000004291
91 .0000013767
92 .0000007120
93 .0000006646
94 .0000015191
95 .0000011412
96 .0000012342
97 .0000008051
98 .0000015191
99 .0000014450
100 .0000008488
101 .0000008336
102 .0000014716
103 .0000005696
104 .0000009494
105 .0000001917
106 .0000009494
107 .0000013292
108 .0000005696
109 .0000013292
110 .0000005696
111 .0000009494
112 .0000005696
113 .0000001917
114 .0000009494
115 .0000017564
116 .0000018989
117 .0000002373
118 .0000010918
119 .0000013292
120 .0000009494
121 .0000005696
122 .0000009494
123 .0000005696
124 .0000009494
125 .0000005696
126 .0000014716
127 .0000010918
128 .0000011868
129 .0000014241
130 .0000005696
131 .0000009494
132 .0000005696
133 .0000024685
134 .0000015665
135 .0000052694
136 .0000037028
137 .0000053169
138 .0000037503
139 .0000118681
140 .0000107762
141 .0000110136
142 .0000114409
143 .0000047225
144 .0000038699
145 .0000051707
146 .0000122498
147 .0000103699
148 .0000213398
149 .0000017090
150 .0000080228
151 .0000025635
152 .0000074057
153 .0000014716
154 .0000338005
155 .0000008772
156 .0000011640
157 .0000011602
158 .0000006418
159 .0000001898
160 .0000011621
161 .0000002601
162 .0000008526
163 .0000008032
164 .0000007842
165 .0000002620
166 .0000009494
167 .0000001898
168 .0000001898
169 .0000009494
170 .0000001898
171 .0000005696
172 .0000005696
173 .0000001898
174 .0000005696
175 .0000001898
176 .0000003323
177 .0000006171
178 .0000005696
179 .0000005696
180 .0000005696
181 .0000009494
182 .0000001898
183 .0000001898
184 .0000005696
185 .0000001898
186 .0000005696
187 .0000005696
188 .0000001898
189 .0000005696
190 .0000001898
191 .0000001898
192 .0000005696
193 .0000005696
194 .0000001898
195 .0000005696
196 .0000001898
197 .0000001898
198 .0000001898
199 .0000001898
200 .0000001898
201 .0000003797
202 0
203 0
204 .0000001898
205 .0000000949
206 .0000000949
207 0
208 0
209 .0000001898
210 .0000003797
211 0
212 0
213 .0000001898
214 .0000002392
215 .0000004272
216 .0000009019
217 .0000017090
218 .0000008545
219 .0000002829
220 .0000015665
221 .0000025160
222 .0000016615
223 .0000009494
224 .0000148114
225 .0000047491
226 .0000001424
227 .0000003323
228 .0000003797
229 .0000000949
230 0
231 0
232 0
233 0
234 0
235 .0000000949
236 .0000000930
237 0
238 0
239 .0000000018
240 0
241 .0000001898
242 0
243 0
244 0
245 0
246 0
247 0
248 0
249 0
250 0
251 0
252 0
253 0
254 0
255 0
256 0
257 0
258 0
259 0
260 0
261 0
262 0
263 0
264 0
265 0
266 0
267 0
268 0
269 .0000002848
270 .0000002848
271 .0000003323
272 .0000001898
273 .0000002848
274 .0000000949
275 .0000006171
276 .0000002563
277 .0000003418
278 0
279 .0000001898
280 .0000001898
281 .0000001424
282 .0000004462
283 0
284 0
285 0
286 .0000001424
287 .0000000474
288 0
289 0
290 0
291 .0000001424
292 .0000000474
293 .0000000474
294 .0000002829
295 .0000003323
296 .0000000949
297 0
298 0
299 .0000000474
300 .0000001405
301 0
302 0
303 .0000000018
304 .0000000949
305 .0000000930
306 .0000001424
307 .0000000474
308 .0000000018
309 .0000001424
310 .0000000474
311 .0000001424
312 .0000000474
313 0
314 0
315 0
316 .0000001424
317 .0000000474
318 0
319 .0000001424
320 .0000000474
321 0
322 0
323 .0000001424
324 .0000001424
325 .0000000474
326 .0000001424
327 .0000001898
328 .0000000474
329 0
330 0
331 0
332 0
333 0
334 0
335 0
336 0
337 0
338 0
339 0
340 0
341 0
342 .0000001424
343 .0000001898
344 .0000001898
345 .0000000474
346 0
347 0
348 0
349 0
350 0
351 0
352 0
353 0
354 0
355 .0000001424
356 .0000000474
357 0
358 0
359 .0000001424
360 .0000000474
361 0
362 0
363 .0000001424
364 .0000002373
365 .0000002373
366 .0000001898
367 .0000002373
368 .0000001898
369 .0000001424
370 .0000001898
371 .0000183244
