0 .3946537296
1 .1320268926
2 .0680432691
3 .0526663317
4 .0700712422
5 .0308234477
6 .0356989232
7 .0200548268
8 .0118467264
9 .0195609635
10 .0122696827
11 .0052761524
12 .0032688299
13 .0091512174
14 .0038000460
15 .0030201249
16 .0012057944
17 .0034824725
18 .0047665379
19 .0008626200
20 .0015559766
21 .0027649105
22 .0016042078
23 .0015266762
24 .0004189756
25 .0009964459
26 .0011474187
27 .0002561573
28 .0010893912
29 .0023558812
30 .0046620954
31 .0031183527
32 .0010446155
33 .0029689310
34 .0039294788
35 .0032687951
36 .0015166495
37 .0030722056
38 .0004797970
39 .0020224548
40 .0022922015
41 .0023735423
42 .0013784250
43 .0041921294
44 .0108653941
45 .0096904135
46 .0064762090
47 .0015244903
48 .0003415270
49 .0008106197
50 .0027993059
51 .0034886765
52 .0030251584
53 .0011969893
54 .0031065394
55 .0127899827
56 .0040665675
57 .0001816714
58 .0003055806
59 .0002742041
60 .0002111888
61 .0001900694
62 .0002291901
63 .0000394395
64 .0000140072
65 .0001922177
66 .0001660997
67 .0004934346
68 .0023885167
69 .0010029955
70 .0003782529
71 .0003939130
72 .0001490279
73 .0000512502
74 .0000034797
75 .0000007634
76 .0000016688
77 .0000016956
78 .0000006670
79 .0000011947
80 .0000011866
81 .0000009616
82 .0000016045
83 .0000013125
84 .0000008116
85 .0000019126
86 .0000030537
87 .0000008170
88 .0000028019
89 .0000075648
90 .0000020921
91 .0000070799
92 .0000166244
93 .0000028769
94 .0000063861
95 .0000065228
96 .0000043610
97 .0000054593
98 .0000054995
99 .0000056414
100 .0000062013
101 .0000065281
102 .0000053173
103 .0000038413
