0 .0527578033
1 .1578736997
2 .0527059616
3 .0526031935
4 .1578607719
5 .2104253323
6 .0526416824
7 .0000257192
8 .2112175950
9 .0016411824
10 .0016145124
11 .0016151845
12 .0016403957
13 .0016085822
14 .0016089163
15 .0016073270
16 .0016078528
17 .0016055163
18 .0016024464
19 .0016033340
20 .0016014067
21 .0015984732
22 .0015970658
23 .0015931815
24 .0015927802
25 .0015858162
26 .0015814220
27 .0015764722
28 .0015734814
29 .0015675631
30 .0015567939
31 .0015474064
32 .0015353286
33 .0015286552
34 .0015158302
35 .0015142527
36 .0014999570
37 .0014692881
38 .0013957281
39 .0012743946
40 .0011312953
41 .0009721430
42 .0002999408
43 .0000669774
44 .0000349307
45 .0000320882
46 .0000136631
47 .0000026586
48 .0000004170
49 .0000000533
50 .0000000098
51 .0000000019
52 0
53 0
54 0
55 0
56 0
57 0
58 0
59 0
60 0
61 0
62 0
63 0
64 0
65 0
66 0
67 0
68 0
69 0
70 0
71 0
72 0
73 0
74 0
75 0
76 0
77 0
78 0
79 0
80 0
81 0
82 0
83 0
84 0
85 0
86 0
87 0
88 0
89 0
90 0
91 0
92 0
93 0
94 0
95 0
96 .0000000039
97 0
98 .0000000039
99 0
100 0
101 0
102 0
103 0
104 .0000256816
105 0
106 .0008474767
