0 .0868041897
1 .1782064481
2 .0173248941
3 .1152724435
4 .1827437400
5 .1428622929
6 .0156923798
7 .1226793423
8 .0029814517
9 .0004738366
10 .0001578926
11 .0007345338
12 .0018721014
13 .0007106924
14 .0004925471
15 .0014902979
16 .0017616366
17 .0008061781
18 .0005073819
19 .0010102340
20 .0011206747
21 .0007494070
22 .0006912942
23 .0010094261
24 .0009759722
25 .0007563603
26 .0007944065
27 .0009531070
28 .0008993413
29 .0008037449
30 .0008392377
31 .0009095645
32 .0008917436
33 .0009029478
34 .0009965485
35 .0011223048
36 .0011965988
37 .0011791962
38 .0010952994
39 .0009937018
40 .0009170083
41 .0009074535
42 .0009502603
43 .0010380762
44 .0011463386
45 .0012419397
46 .0013220329
47 .0013644358
48 .0013659793
49 .0013461869
50 .0013471149
51 .0013782703
52 .0014503907
53 .0015568643
54 .0016344714
55 .0016346637
56 .0015523249
57 .0014119935
58 .0012658580
59 .0011448479
60 .0010658414
61 .0010173316
62 .0009827957
63 .0009590265
64 .0009375846
65 .0009271931
66 .0009217785
67 .0009159697
68 .0009146761
69 .0009128152
70 .0009099492
71 .0009081700
72 .0009096943
73 .0009055300
74 .0009071986
75 .0009061840
76 .0009031594
77 .0008980045
78 .0009017889
79 .0008998558
80 .0008956867
81 .0008990287
82 .0008915753
83 .0008945855
84 .0008938209
85 .0008924457
86 .0008888872
87 .0008860309
88 .0008806308
89 .0008800489
90 .0008790631
91 .0008741102
92 .0008733552
93 .0008736534
94 .0008699459
95 .0008694602
96 .0008615115
97 .0008567749
98 .0008584676
99 .0008562075
100 .0008502640
101 .0008486435
102 .0008483742
103 .0008461959
104 .0008399590
105 .0008403678
106 .0008338809
107 .0008329961
108 .0008277065
109 .0008245040
110 .0008232104
111 .0008209407
112 .0008209600
113 .0008185316
114 .0008189307
115 .0008193683
116 .0008170890
117 .0008125592
118 .0008038459
119 .0007961617
120 .0007870204
121 .0007846305
122 .0007839909
123 .0007893478
124 .0007967195
125 .0008090778
126 .0008336933
127 .0008705710
128 .0009329972
129 .0010229577
130 .0011186358
131 .0012264847
132 .0013262405
133 .0013820307
134 .0014123782
135 .0013806265
136 .0013201046
137 .0012310817
138 .0011297727
139 .0010473906
140 .0009896673
141 .0009536504
142 .0009238366
143 .0009000289
144 .0008730619
145 .0008386463
146 .0007481567
147 .0002625292
148 .0000322325
149 .0000201723
150 .0000159695
151 .0000085786
152 .0000079006
153 .0000043806
154 .0000004856
155 .0000000288
156 .0000000192
157 .0000000336
158 .0000000096
159 .0000000096
160 .0000000144
161 .0000000096
162 .0000000144
163 .0000000096
164 .0000000192
165 .0000000144
166 0
167 .0000000144
168 .0000000096
169 .0000000096
170 .0000000048
171 0
172 0
173 0
174 0
175 0
176 0
177 0
178 0
179 0
180 0
181 0
182 0
183 0
184 0
185 0
186 0
187 0
188 0
189 0
190 0
191 0
192 0
193 0
194 0
195 0
196 0
197 0
198 0
199 0
200 0
201 0
202 0
203 0
204 .0000000096
205 .0000000048
206 0
207 0
208 0
209 0
210 0
211 .0000038132
212 .0000038084
213 .0000076073
214 .0002513106
