0 .4034132395
1 .1195147243
2 .0504061933
3 .0693914625
4 .0360321168
5 .0195852131
6 .0237265963
7 .0125630004
8 .0105601653
9 .0165745976
10 .0213680484
11 .0115338650
12 .0038590617
13 .0039064784
14 .0108721223
15 .0056317860
16 .0028309722
17 .0050764695
18 .0043188473
19 .0100182720
20 .0005731849
21 .0016286436
22 .0056043296
23 .0002762200
24 .0005318695
25 .0004215210
26 .0014442935
27 .0002311566
28 .0014611160
29 .0020526923
30 .0050891953
31 .0007572735
32 .0045500040
33 .0026775650
34 .0032990384
35 .0073271094
36 .0029818516
37 .0081081785
38 .0038560981
39 .0060715241
40 .0015184693
41 .0013613142
42 .0047146552
43 .0024656714
44 .0006158077
45 .0013783981
46 .0012961161
47 .0020322090
48 .0075655878
49 .0008239533
50 .0019297051
51 .0022664164
52 .0002746511
53 .0008684937
54 .0005029314
55 .0022923910
56 .0006185969
57 .0035235707
58 .0036908368
59 .0013077960
60 .0027954096
61 .0005494765
62 .0046878961
63 .0011169958
64 .0027190547
65 .0251019438
66 .0012874870
67 .0106393095
68 .0029615426
69 .0007516079
70 .0002662834
