0 .3869720610
1 .1314704044
2 .0614263360
3 .0320504845
4 .0402415596
5 .0405674141
6 .0532443338
7 .0276438044
8 .0605607576
9 .0174330371
10 .0196882234
11 .0060358905
12 .0024621877
13 .0068355407
14 .0089266665
15 .0063187628
16 .0132727936
17 .0070662210
18 .0053600098
19 .0016108385
20 .0013191807
21 .0001276931
22 .0034086973
23 .0000500761
24 .0000411332
25 .0022847334
26 .0000461456
27 .0000559171
28 .0000692492
29 .0000753846
30 .0000662500
31 .0000521920
32 .0011649259
33 .0000395309
34 .0000396336
35 .0000662021
36 .0011578661
37 .0011426645
38 .0000416399
39 .0000966463
40 .0033726724
41 .0013270417
42 .0054371406
43 .0001269946
44 .0033270403
45 .0011967533
46 .0011411375
47 .0001303979
48 .0056181967
49 .0044427734
50 .0000790892
51 .0012043130
52 .0023570641
53 .0277848024
54 .0001331917
55 .0000426123
56 .0000406539
57 .0000417769
58 .0000399623
59 .0000392570
60 .0000384695
61 .0000380039
62 .0000371411
63 .0000363194
64 .0000386681
65 .0000353128
66 .0000336625
67 .0000330188
68 .0000314028
69 .0000284584
70 .0000259727
71 .0000237267
72 .0000223093
73 .0000147770
74 .0000101891
75 .0000062038
76 .0000037456
77 .0000030197
78 .0000022596
79 .0000019515
80 .0000013421
81 .0000007600
82 .0000005135
83 .0000004382
84 .0000003149
85 .0000001985
86 .0000001301
87 .0000002122
88 .0000001574
89 .0000000890
90 .0000001027
91 .0000001437
92 .0000001164
93 .0000001095
94 .0000000684
95 .0000000821
96 .0000000684
97 .0000000616
98 .0000000616
99 .0000000890
100 .0000000753
101 .0000000753
102 .0000000958
103 .0000000958
104 .0000000684
105 .0000000410
106 .0000001232
107 .0000000342
108 .0000000616
109 .0000000273
110 .0000000547
111 .0000000684
112 .0000000342
113 .0000000616
114 .0000000410
115 .0000000136
116 .0000000821
117 .0000000342
118 .0000000410
119 .0000000410
120 .0000000821
121 .0000000616
122 .0000000479
123 .0000000273
124 .0000000273
125 .0000000547
126 .0000000821
127 .0000000410
128 .0000011229
129 .0000000205
130 .0000000068
131 0
132 .0000001027
133 .0000000821
134 .0000000068
135 0
136 .0000000616
137 .0000000205
138 .0000000068
139 .0000000273
140 .0000000068
141 .0000000068
142 0
143 .0000000205
144 .0000000068
145 .0000000342
146 .0000000342
147 .0000000068
148 .0000000068
149 .0000000136
150 .0000000068
151 .0000000273
152 .0000000205
153 0
154 0
155 0
156 .0000000273
157 .0000000410
158 0
159 0
160 0
161 .0000000136
162 .0000000821
163 .0000000205
164 0
165 .0000000342
166 0
167 .0000000068
168 .0000000205
169 .0000000068
170 0
171 0
172 0
173 0
174 0
175 .0000000068
176 0
177 0
178 0
179 0
180 .0000000273
181 .0000000136
182 .0000000068
183 .0000000273
184 .0000000068
185 0
186 .0000000068
187 .0000000136
188 0
189 0
190 .0000000068
191 .0000000273
192 .0000000136
193 0
194 0
195 0
196 0
197 0
198 0
199 .0000000068
200 0
201 0
202 0
203 .0000000068
204 0
205 0
206 0
207 0
208 0
209 0
210 .0000000205
211 .0000000068
212 0
213 0
214 .0000000273
215 .0000000068
216 0
217 0
218 .0000000136
219 .0000000068
220 0
221 .0000000273
222 0
223 0
224 0
225 .0000000068
226 0
227 0
228 0
229 0
230 0
231 0
232 .0000000068
233 .0000000068
234 0
235 0
236 0
237 0
238 0
239 .0000000068
240 0
241 0
242 0
243 .0000000068
244 0
245 0
246 0
247 .0000000068
248 0
249 0
250 0
251 0
252 .0000000068
253 0
254 0
255 0
256 .0000005478
257 0
258 0
259 0
260 0
261 0
262 0
263 0
264 0
265 .0000000068
266 0
267 0
268 0
269 0
270 0
271 0
272 .0000000068
273 0
274 0
275 0
276 0
277 0
278 .0000000068
279 0
280 0
281 .0000000068
282 0
283 0
284 0
285 0
286 0
287 0
288 .0000000068
289 0
290 0
291 0
292 0
293 0
294 0
295 0
296 0
297 0
298 0
299 0
300 0
301 0
302 0
303 0
304 0
305 0
306 0
307 0
308 0
309 0
310 0
311 0
312 0
313 .0000000616
314 .0000000068
315 .0000000684
316 0
317 .0000000136
318 .0000000616
319 0
320 .0000000068
321 .0000000616
322 0
323 .0000000068
324 .0000000616
325 0
326 .0000000068
327 .0000000616
328 0
329 .0000000068
330 .0000000616
331 0
332 .0000000068
333 .0000000753
334 0
335 .0000000068
336 .0000000616
337 0
338 .0000000068
339 .0000000616
340 0
341 .0000000068
342 .0000000616
343 0
344 .0000000068
345 .0000000616
346 0
347 .0000000068
348 .0000000616
349 0
350 .0000000068
351 .0000000616
352 0
353 .0000000068
354 .0000000616
355 0
356 .0000000068
357 .0000000616
358 0
359 .0000000068
360 .0000000616
361 0
362 .0000000068
363 .0000000616
364 0
365 .0000000068
366 .0000000616
367 0
368 .0000000068
369 .0000000616
370 0
371 .0000000068
372 .0000000616
373 0
374 .0000000068
375 .0000000616
376 0
377 .0000000068
378 .0000000684
379 0
380 .0000000068
381 .0000000616
382 0
383 .0000000068
384 .0000000616
385 0
386 .0000000068
387 .0000000616
388 0
389 .0000000068
390 .0000000616
391 0
392 .0000000068
393 .0000000616
394 0
395 .0000000068
396 .0000000616
397 0
398 .0000000068
399 .0000000616
400 .0000000068
401 .0000000068
402 .0000000616
403 0
404 .0000000068
405 .0000000616
406 0
407 .0000000068
408 .0000000616
409 0
410 .0000000068
411 .0000000616
412 0
413 .0000000068
414 .0000000616
415 0
416 .0000000068
417 .0000000616
418 0
419 .0000000068
420 .0000000616
421 0
422 .0000000068
423 .0000000616
424 0
425 .0000000068
426 .0000000616
427 0
428 .0000000068
429 .0000000616
430 0
431 .0000000068
432 .0000000616
433 0
434 .0000000068
435 .0000000616
436 0
437 .0000000068
438 .0000000616
439 0
440 .0000000068
441 .0000000616
442 0
443 .0000000068
444 .0000000616
445 0
446 .0000000068
447 .0000000616
448 0
449 .0000000068
450 .0000000616
451 0
452 .0000000068
453 .0000000616
454 0
455 .0000000068
456 .0000000616
457 0
458 .0000000068
459 .0000000616
460 0
461 .0000000068
462 .0000000616
463 0
464 .0000000068
465 .0000000616
466 0
467 .0000000068
468 .0000000616
469 0
470 .0000000068
471 .0000000616
472 0
473 .0000000068
474 .0000000616
475 0
476 .0000000068
477 .0000000616
478 0
479 .0000000068
480 .0000000616
481 0
482 .0000000068
483 .0000000616
484 0
485 .0000000068
486 .0000000616
487 0
488 .0000000068
489 .0000000616
490 0
491 .0000000068
492 .0000000616
493 0
494 .0000000068
495 .0000000616
496 0
497 .0000000068
498 .0000000616
499 0
500 .0000000068
501 .0000000616
502 0
503 .0000000068
504 .0000000616
505 0
506 .0000000068
507 .0000000616
508 0
509 .0000000068
510 .0000000616
511 0
512 .0000002807
513 .0000000616
514 0
515 .0000000068
516 .0000000616
517 0
518 .0000000068
519 .0000000616
520 0
521 .0000000068
522 .0000000616
523 0
524 .0000001437
525 .0000175228
526 .0000000684
527 .0000000068
528 .0000000616
529 0
530 .0000000068
531 .0000000616
532 0
533 .0000000068
534 .0000000616
535 0
536 .0000000068
537 .0000000616
538 0
539 .0000000068
540 .0000000616
541 0
542 .0000000068
543 .0000000616
544 0
545 .0000000068
546 .0000000616
547 0
548 .0000000068
549 .0000000616
550 0
551 .0000000068
552 .0000000616
553 0
554 .0000000068
555 .0000000616
556 0
557 .0000000068
558 .0000000616
559 0
560 .0000000068
561 .0000000616
562 0
563 .0000000068
564 .0000000616
565 0
566 .0000000068
567 .0000001301
568 .0000001232
569 .0000000205
570 .0000001917
571 0
572 .0000000821
573 .0000000890
574 .0000001027
575 .0000000068
576 .0000001301
577 0
578 .0000000753
579 .0000000616
580 .0000000684
581 .0000000068
582 .0000001301
583 0
584 .0000000753
585 .0000000616
586 .0000000684
587 .0000000068
588 .0000001301
589 0
590 .0000000753
591 .0000000616
592 .0000000684
593 .0000000068
594 .0000001301
595 0
596 .0000000821
597 .0000000753
598 .0000000890
599 .0000000342
600 .0000001643
601 .0000000410
602 .0000001232
603 .0000001095
604 .0000001369
605 .0000000821
606 .0000001985
607 .0000000684
608 .0000001437
609 .0000001301
610 .0000001437
611 .0000000753
612 .0000001985
613 .0000000684
614 .0000001437
615 .0000001369
616 .0000001369
617 .0000000753
618 .0000002054
619 .0000000684
620 .0000001437
621 .0000001506
622 .0000001437
623 .0000000753
624 .0000001985
625 .0000000753
626 .0000001437
627 .0000001301
628 .0000001369
629 .0000000753
630 .0000001985
631 .0000000684
632 .0000001437
633 .0000001301
634 .0000001369
635 .0000000753
636 .0000001985
637 .0000000684
638 .0000001437
639 .0000001301
640 .0000001369
641 .0000000753
642 .0000001985
643 .0000000684
644 .0000001437
645 .0000001301
646 .0000001369
647 .0000000753
648 .0000001985
649 .0000000684
650 .0000001506
651 .0000001301
652 .0000001369
653 .0000000753
654 .0000001985
655 .0000000684
656 .0000001437
657 .0000001301
658 .0000001369
659 .0000000753
660 .0000001985
661 .0000000684
662 .0000001437
663 .0000001301
664 .0000001369
665 .0000000753
666 .0000001985
667 .0000000753
668 .0000001506
669 .0000001301
670 .0000001369
671 .0000000753
672 .0000001985
673 .0000000684
674 .0000001437
675 .0000001301
676 .0000001369
677 .0000000753
678 .0000001985
679 .0000000753
680 .0000001506
681 .0000001301
682 .0000001369
683 .0000000753
684 .0000001985
685 .0000000684
686 .0000001437
687 .0000001369
688 .0000001369
689 .0000000890
690 .0000001985
691 .0000000684
692 .0000001437
693 .0000001301
694 .0000001369
695 .0000000753
696 .0000001985
697 .0000000684
698 .0000001437
699 .0000001301
700 .0000001369
701 .0000000753
702 .0000001985
703 .0000000684
704 .0000001437
705 .0000001301
706 .0000001369
707 .0000000753
708 .0000001985
709 .0000000684
710 .0000001437
711 .0000001369
712 .0000001369
713 .0000000753
714 .0000001985
715 .0000000684
716 .0000001506
717 .0000001301
718 .0000001369
719 .0000000821
720 .0000001985
721 .0000000684
722 .0000001437
723 .0000001369
724 .0000001437
725 .0000000753
726 .0000001985
727 .0000000753
728 .0000001437
729 .0000001301
730 .0000001369
731 .0000000753
732 .0000001985
733 .0000000684
734 .0000001437
735 .0000001369
736 .0000001369
737 .0000000821
738 .0000001985
739 .0000000753
740 .0000001506
741 .0000001369
742 .0000001369
743 .0000000753
744 .0000001985
745 .0000000753
746 .0000001437
747 .0000001301
748 .0000001437
749 .0000000753
750 .0000001985
751 .0000000684
752 .0000001437
753 .0000001301
754 .0000001437
755 .0000000821
756 .0000001985
757 .0000000684
758 .0000001437
759 .0000001301
760 .0000001437
761 .0000000753
762 .0000002054
763 .0000000684
764 .0000001437
765 .0000001301
766 .0000001369
767 .0000000753
768 .0000002122
769 .0000000753
770 .0000001437
771 .0000001301
772 .0000001369
773 .0000000753
774 .0000001985
775 .0000000684
776 .0000001506
777 .0000001301
778 .0000001369
779 .0000000753
780 .0000003355
781 .0000175982
782 .0000004861
783 .0000003355
784 .0000002739
785 .0000002122
786 .0000003355
787 .0000002054
788 .0000002807
789 .0000002670
790 .0000002739
791 .0000002122
792 .0000003355
793 .0000002054
794 .0000002875
795 .0000002670
796 .0000002807
797 .0000002191
798 .0000003423
799 .0000002122
800 .0000002807
801 .0000002739
802 .0000002739
803 .0000002122
804 .0000003355
805 .0000002054
806 .0000002875
807 .0000002670
808 .0000002807
809 .0000002122
810 .0000003492
811 .0000002054
812 .0000002807
813 .0000002670
814 .0000002739
815 .0000002122
816 .0000003355
817 .0000002122
818 .0000002807
819 .0000002670
820 .0000002739
821 .0000002122
822 .0000003355
823 .0000002054
824 .0000003423
825 .0000003355
826 .0000003560
827 .0000002944
828 .0000004040
829 .0000002739
830 .0000003492
831 .0000003355
832 .0000003423
833 .0000002807
834 .0000004040
835 .0000002739
836 .0000003492
837 .0000003355
838 .0000003423
839 .0000002807
840 .0000004108
841 .0000002739
842 .0000003492
843 .0000003423
844 .0000003423
845 .0000002807
846 .0000004040
847 .0000002739
848 .0000003492
849 .0000003423
850 .0000003423
851 .0000002875
852 .0000004040
853 .0000002739
854 .0000003492
855 .0000003355
856 .0000003423
857 .0000002807
858 .0000004040
859 .0000002739
860 .0000003492
861 .0000003423
862 .0000003423
863 .0000002875
864 .0000004108
865 .0000002739
866 .0000003492
867 .0000003355
868 .0000003492
869 .0000002807
870 .0000004040
871 .0000002739
872 .0000003492
873 .0000003355
874 .0000003492
875 .0000002807
876 .0000004040
877 .0000002739
878 .0000003492
879 .0000003355
880 .0000003423
881 .0000002875
882 .0000004108
883 .0000002807
884 .0000003492
885 .0000003355
886 .0000003423
887 .0000002807
888 .0000004040
889 .0000002739
890 .0000003492
891 .0000003355
892 .0000003423
893 .0000002807
894 .0000004040
895 .0000002739
896 .0000003492
897 .0000003355
898 .0000003423
899 .0000002807
900 .0000004040
901 .0000002739
902 .0000003492
903 .0000003423
904 .0000003423
905 .0000002807
906 .0000004040
907 .0000002944
908 .0000004861
909 .0000179337
910 .0000010339
911 .0000007600
912 .0000006779
913 .0000005478
914 .0000006231
915 .0000006094
916 .0000006231
917 .0000005546
918 .0000006779
919 .0000005478
920 .0000006231
921 .0000006094
922 .0000006231
923 .0000005546
924 .0000006779
925 .0000005478
926 .0000006231
927 .0000006162
928 .0000006162
929 .0000005546
930 .0000006916
931 .0000005478
932 .0000006231
933 .0000006094
934 .0000006162
935 .0000005546
936 .0000006779
937 .0000005614
938 .0000006231
939 .0000006162
940 .0000006162
941 .0000005546
942 .0000006779
943 .0000005546
944 .0000006231
945 .0000006162
946 .0000006231
947 .0000005546
948 .0000006847
949 .0000005546
950 .0000006299
951 .0000006094
952 .0000006162
953 .0000005546
954 .0000006916
955 .0000005478
956 .0000006299
957 .0000006094
958 .0000006162
959 .0000005546
960 .0000006779
961 .0000005546
962 .0000006368
963 .0000006094
964 .0000006162
965 .0000005546
966 .0000006847
967 .0000005614
968 .0000006231
969 .0000006094
970 .0000006162
971 .0000005546
972 .0000006779
973 .0000009586
974 .0000189060
975 .0000017050
976 .0000016434
977 .0000011024
978 .0000012325
979 .0000011093
980 .0000011846
981 .0000011640
982 .0000011640
983 .0000011024
984 .0000012257
985 .0000010956
986 .0000011709
987 .0000011572
988 .0000011640
989 .0000011024
990 .0000012257
991 .0000011024
992 .0000011709
993 .0000011572
994 .0000011640
995 .0000011024
996 .0000012257
997 .0000010956
998 .0000011709
999 .0000011572
1000 .0000011709
1001 .0000011024
1002 .0000012257
1003 .0000010956
1004 .0000011777
1005 .0000012941
1006 .0000191731
1007 .0000038414
1008 .0000033553
1009 .0000021912
1010 .0000022733
1011 .0000022596
1012 .0000022596
1013 .0000022117
1014 .0000023213
1015 .0000021912
1016 .0000022665
1017 .0000022528
1018 .0000022596
1019 .0000021980
1020 .0000023213
1021 .0000023350
1022 .0000208234
1023 .0000078678
1024 .0000074638
1025 .0000052178
1026 .0000045125
1027 .0000052041
1028 .0000044646
1029 .0000047111
1030 .0000242471
1031 .0000161122
1032 .0000133321
1033 .0000091483
1034 .0000311152
1035 .0000667362
1036 .0002119317
1037 .0001518649
1038 .0000003697
1039 .0000002191
1040 .0000003766
1041 .0000002533
1042 .0000004930
1043 .0000707831
1044 .0000002533
1045 .0000002191
1046 .0000002465
1047 .0000001780
1048 .0000002191
1049 .0000001985
1050 .0000002602
1051 .0000002259
1052 .0000002670
1053 .0000001848
1054 .0000002191
1055 .0000001848
1056 .0000002328
1057 .0000001369
1058 .0000002533
1059 .0000001643
1060 .0000002054
1061 .0000001985
1062 .0000002944
1063 .0000001369
1064 .0000002533
1065 .0000001574
1066 .0000002122
1067 .0000001985
1068 .0000002396
1069 .0000001506
1070 .0000003492
1071 .0000001780
1072 .0000002875
1073 .0000002191
1074 .0000002259
1075 .0000001437
1076 .0000002739
1077 .0000001506
1078 .0000002396
1079 .0000001506
1080 .0000158726
1081 .0000001437
1082 .0000018282
1083 .0000000753
1084 .0000000684
1085 .0000000753
1086 .0000001301
1087 .0000001437
1088 .0000001164
1089 .0000001095
1090 .0000000684
1091 .0000000547
1092 .0000001506
1093 .0000000547
1094 .0000000616
1095 .0000000479
1096 .0000000479
1097 .0000000136
1098 .0000000068
1099 .0000000547
1100 .0000000821
1101 .0000000753
1102 .0000001301
1103 .0000000890
1104 .0000000410
1105 .0000000136
1106 .0000000068
1107 .0000000068
1108 0
1109 0
1110 .0000000136
1111 .0000000068
1112 .0000000068
1113 .0000000136
1114 0
1115 0
1116 .0000000136
1117 .0000000205
1118 .0000000068
1119 0
1120 0
1121 .0000000136
1122 0
1123 .0000000068
1124 0
1125 .0000000068
1126 0
1127 .0000000273
1128 .0000000068
1129 0
1130 .0000000068
1131 .0000000068
1132 .0000000068
1133 .0000000068
1134 0
1135 .0000000136
1136 .0000000068
1137 .0000000136
1138 .0000000068
1139 .0000000136
1140 .0000000205
1141 .0000000136
1142 .0000000068
1143 .0000000068
1144 .0000000068
1145 .0000000136
1146 .0000000136
1147 .0000000410
1148 .0000000410
1149 .0000000136
1150 .0000000205
1151 .0000000136
1152 .0000000205
1153 .0000000273
1154 .0000000068
1155 .0000000342
1156 .0000000068
1157 .0000000205
1158 .0000000068
1159 .0000000205
1160 0
1161 .0000000068
1162 0
1163 0
1164 .0000000136
1165 0
1166 0
1167 0
1168 .0000000068
1169 0
1170 0
1171 .0000000068
1172 .0000000068
1173 .0000000273
1174 .0000000205
1175 .0000000068
1176 0
1177 0
1178 0
1179 0
1180 0
1181 0
1182 0
1183 0
1184 0
1185 0
1186 0
1187 0
1188 0
1189 0
1190 0
1191 0
1192 0
1193 0
1194 0
1195 0
1196 .0000000068
1197 0
1198 .0000000068
1199 .0000000273
1200 0
1201 0
1202 0
1203 0
1204 0
1205 0
1206 0
1207 0
1208 0
1209 0
1210 0
1211 0
1212 0
1213 .0000000068
1214 .0000000205
1215 0
1216 0
1217 0
1218 0
1219 0
1220 0
1221 0
1222 0
1223 0
1224 0
1225 0
1226 0
1227 0
1228 0
1229 0
1230 0
1231 0
1232 0
1233 0
1234 0
1235 0
1236 .0000000068
1237 0
1238 0
1239 0
1240 0
1241 0
1242 0
1243 0
1244 0
1245 .0000000068
1246 0
1247 0
1248 0
1249 0
1250 0
1251 0
1252 0
1253 0
1254 0
1255 0
1256 0
1257 .0000000068
1258 .0000000205
1259 0
1260 0
1261 0
1262 0
1263 0
1264 0
1265 0
1266 0
1267 0
1268 0
1269 0
1270 0
1271 0
1272 0
1273 0
1274 0
1275 0
1276 0
1277 0
1278 0
1279 0
1280 0
1281 0
1282 0
1283 0
1284 0
1285 0
1286 0
1287 0
1288 0
1289 0
1290 0
1291 0
1292 0
1293 0
1294 0
1295 0
1296 0
1297 .0000000068
1298 0
1299 0
1300 0
1301 0
1302 .0000000068
1303 .0000000205
1304 0
1305 0
1306 0
1307 0
1308 0
1309 0
1310 0
1311 0
1312 .0000000068
1313 .0000000205
1314 0
1315 0
1316 0
1317 0
1318 0
1319 0
1320 0
1321 0
1322 0
1323 0
1324 0
1325 0
1326 0
1327 0
1328 0
1329 0
1330 0
1331 0
1332 0
1333 0
1334 0
1335 0
1336 0
1337 0
1338 0
1339 0
1340 0
1341 0
1342 0
1343 0
1344 0
1345 0
1346 0
1347 0
1348 0
1349 0
1350 0
1351 0
1352 0
1353 0
1354 0
1355 0
1356 0
1357 0
1358 0
1359 0
1360 0
1361 0
1362 0
1363 0
1364 0
1365 0
1366 0
1367 0
1368 0
1369 0
1370 0
1371 0
1372 0
1373 0
1374 0
1375 0
1376 0
1377 0
1378 0
1379 0
1380 0
1381 0
1382 0
1383 0
1384 0
1385 0
1386 0
1387 0
1388 0
1389 0
1390 0
1391 0
1392 0
1393 0
1394 0
1395 0
1396 0
1397 0
1398 0
1399 0
1400 0
1401 0
1402 0
1403 0
1404 0
1405 0
1406 0
1407 0
1408 0
1409 0
1410 0
1411 0
1412 0
1413 0
1414 0
1415 0
1416 0
1417 0
1418 0
1419 0
1420 0
1421 0
1422 0
1423 0
1424 0
1425 0
1426 0
1427 0
1428 0
1429 0
1430 0
1431 0
1432 0
1433 0
1434 0
1435 0
1436 0
1437 0
1438 0
1439 0
1440 0
1441 0
1442 0
1443 0
1444 0
1445 0
1446 0
1447 0
1448 0
1449 0
1450 0
1451 0
1452 0
1453 0
1454 0
1455 0
1456 0
1457 0
1458 0
1459 0
1460 0
1461 0
1462 0
1463 0
1464 0
1465 0
1466 0
1467 0
1468 0
1469 0
1470 0
1471 0
1472 0
1473 0
1474 0
1475 0
1476 0
1477 0
1478 0
1479 0
1480 0
1481 0
1482 0
1483 0
1484 0
1485 0
1486 0
1487 0
1488 0
1489 0
1490 0
1491 0
1492 0
1493 0
1494 0
1495 0
1496 0
1497 0
1498 0
1499 0
1500 0
1501 0
1502 0
1503 0
1504 0
1505 0
1506 0
1507 0
1508 0
1509 0
1510 0
1511 0
1512 0
1513 0
1514 0
1515 0
1516 0
1517 0
1518 0
1519 0
1520 0
1521 0
1522 0
1523 0
1524 0
1525 0
1526 0
1527 0
1528 0
1529 0
1530 0
1531 0
1532 0
1533 0
1534 0
1535 0
1536 0
1537 0
1538 0
1539 0
1540 0
1541 0
1542 0
1543 0
1544 0
1545 0
1546 0
1547 0
1548 0
1549 0
1550 0
1551 0
1552 0
1553 0
1554 0
1555 0
1556 0
1557 0
1558 0
1559 0
1560 0
1561 0
1562 0
1563 0
1564 0
1565 0
1566 0
1567 0
1568 0
1569 0
1570 0
1571 0
1572 0
1573 0
1574 0
1575 0
1576 0
1577 0
1578 0
1579 0
1580 0
1581 0
1582 0
1583 0
1584 0
1585 0
1586 0
1587 0
1588 0
1589 0
1590 0
1591 0
1592 0
1593 0
1594 0
1595 0
1596 0
1597 0
1598 0
1599 0
1600 0
1601 0
1602 0
1603 0
1604 0
1605 0
1606 0
1607 0
1608 0
1609 0
1610 0
1611 0
1612 0
1613 0
1614 0
1615 0
1616 0
1617 0
1618 0
1619 0
1620 0
1621 0
1622 0
1623 0
1624 0
1625 0
1626 0
1627 0
1628 0
1629 0
1630 0
1631 0
1632 0
1633 0
1634 0
1635 0
1636 0
1637 0
1638 0
1639 0
1640 0
1641 0
1642 0
1643 0
1644 0
1645 0
1646 0
1647 0
1648 0
1649 0
1650 0
1651 0
1652 0
1653 0
1654 0
1655 0
1656 0
1657 0
1658 0
1659 0
1660 0
1661 0
1662 0
1663 0
1664 0
1665 0
1666 0
1667 0
1668 0
1669 .0000000136
1670 .0000000342
1671 .0000000547
1672 .0000000616
1673 .0000000753
1674 .0000000890
1675 .0000001027
1676 .0000001027
1677 .0000001095
1678 .0000001301
1679 .0000001301
1680 .0000001232
1681 .0000001232
1682 .0000001232
1683 .0000001232
1684 .0000001232
1685 .0000001232
1686 .0000001232
1687 .0000001301
1688 .0000001232
1689 .0000001232
1690 .0000001232
1691 .0000001232
1692 .0000001232
1693 .0000001232
1694 .0000001232
1695 .0000001232
1696 .0000001301
1697 .0000001232
1698 .0000001232
1699 .0000001232
1700 .0000001232
1701 .0000001232
1702 .0000001232
1703 .0000001232
1704 .0000001232
1705 .0000001232
1706 .0000001232
1707 .0000001232
1708 .0000001232
1709 .0000001232
1710 .0000001232
1711 .0000001232
1712 .0000001232
1713 .0000001232
1714 .0000001232
1715 .0000001301
1716 .0000001232
1717 .0000001232
1718 .0000001232
1719 .0000001232
1720 .0000001232
1721 .0000001301
1722 .0000001232
1723 .0000001301
1724 .0000001232
1725 .0000001232
1726 .0000001232
1727 .0000001232
1728 .0000001301
1729 .0000001301
1730 .0000001232
1731 .0000001301
1732 .0000001232
1733 .0000001232
1734 .0000001232
1735 .0000001232
1736 .0000001232
1737 .0000001232
1738 .0000001232
1739 .0000001232
1740 .0000001232
1741 .0000001232
1742 .0000001232
1743 .0000001232
1744 .0000001232
1745 .0000001232
1746 .0000001232
1747 .0000001232
1748 .0000001232
1749 .0000001232
1750 .0000001232
1751 .0000001232
1752 .0000001301
1753 .0000001232
1754 .0000001232
1755 .0000001232
1756 .0000001232
1757 .0000001232
1758 .0000001301
1759 .0000001232
1760 .0000001232
1761 .0000001232
1762 .0000001232
1763 .0000001301
1764 .0000001232
1765 .0000001232
1766 .0000001232
1767 .0000001232
1768 .0000001232
1769 .0000001232
1770 .0000001232
1771 .0000001232
1772 .0000001232
1773 .0000001301
1774 .0000001232
1775 .0000001232
1776 .0000001232
1777 .0000001301
1778 .0000001232
1779 .0000001232
1780 .0000001232
1781 .0000001232
1782 .0000001232
1783 .0000001232
1784 .0000001232
1785 .0000001232
1786 .0000001232
1787 .0000001232
1788 .0000001232
1789 .0000001232
1790 .0000001232
1791 .0000001301
1792 .0000001301
1793 .0000001232
1794 .0000001232
1795 .0000001232
1796 .0000001232
1797 .0000001232
1798 .0000001301
1799 .0000001232
1800 .0000001232
1801 .0000001232
1802 .0000001232
1803 .0000001232
1804 .0000001232
1805 .0000001301
1806 .0000001232
1807 .0000001232
1808 .0000001301
1809 .0000001301
1810 .0000001232
1811 .0000001301
1812 .0000001232
1813 .0000001232
1814 .0000001232
1815 .0000001232
1816 .0000001369
1817 .0000001232
1818 .0000001232
1819 .0000001232
1820 .0000001369
1821 .0000001232
1822 .0000001232
1823 .0000001232
1824 .0000001301
1825 .0000001301
1826 .0000001232
1827 .0000001232
1828 .0000001232
1829 .0000001301
1830 .0000001232
1831 .0000001232
1832 .0000001232
1833 .0000001301
1834 .0000001232
1835 .0000001301
1836 .0000001232
1837 .0000001232
1838 .0000001232
1839 .0000001301
1840 .0000001301
1841 .0000001232
1842 .0000001232
1843 .0000001232
1844 .0000001232
1845 .0000001232
1846 .0000001301
1847 .0000001232
1848 .0000001232
1849 .0000001232
1850 .0000001232
1851 .0000001232
1852 .0000001232
1853 .0000001232
1854 .0000001232
1855 .0000001301
1856 .0000001232
1857 .0000001232
1858 .0000001232
1859 .0000001232
1860 .0000001232
1861 .0000001301
1862 .0000001232
1863 .0000001232
1864 .0000001232
1865 .0000001232
1866 .0000001232
1867 .0000001232
1868 .0000001232
1869 .0000001232
1870 .0000001232
1871 .0000001301
1872 .0000001301
1873 .0000001232
1874 .0000001232
1875 .0000001232
1876 .0000001232
1877 .0000001232
1878 .0000001232
1879 .0000001232
1880 .0000001232
1881 .0000001232
1882 .0000001232
1883 .0000001232
1884 .0000001232
1885 .0000001301
1886 .0000001232
1887 .0000001301
1888 .0000001232
1889 .0000001301
1890 .0000001232
1891 .0000001301
1892 .0000001232
1893 .0000001232
1894 .0000001232
1895 .0000001301
1896 .0000001232
1897 .0000001232
1898 .0000001232
1899 .0000001232
1900 .0000001232
1901 .0000001232
1902 .0000001232
1903 .0000001232
1904 .0000001232
1905 .0000001232
1906 .0000001232
1907 .0000001232
1908 .0000001232
1909 .0000001301
1910 .0000001232
1911 .0000001232
1912 .0000001301
1913 .0000001232
1914 .0000001232
1915 .0000001232
1916 .0000001232
1917 .0000001232
1918 .0000001232
1919 .0000001232
1920 .0000001232
1921 .0000001232
1922 .0000001301
1923 .0000001232
1924 .0000001232
1925 .0000001232
1926 .0000001232
1927 .0000001232
1928 .0000001232
1929 .0000001232
1930 .0000001301
1931 .0000001232
1932 .0000001232
1933 .0000001232
1934 .0000001232
1935 .0000001232
1936 .0000001232
1937 .0000001301
1938 .0000001232
1939 .0000001232
1940 .0000001232
1941 .0000001232
1942 .0000001232
1943 .0000001301
1944 .0000001301
1945 .0000001232
1946 .0000001232
1947 .0000001232
1948 .0000001232
1949 .0000001301
1950 .0000001232
1951 .0000001232
1952 .0000001232
1953 .0000001232
1954 .0000001232
1955 .0000001232
1956 .0000001232
1957 .0000001232
1958 .0000001232
1959 .0000001232
1960 .0000001232
1961 .0000001301
1962 .0000001301
1963 .0000001232
1964 .0000001232
1965 .0000001232
1966 .0000001301
1967 .0000001301
1968 .0000001232
1969 .0000001232
1970 .0000001301
1971 .0000001232
1972 .0000001232
1973 .0000001232
1974 .0000001301
1975 .0000001232
1976 .0000001232
1977 .0000001369
1978 .0000001301
1979 .0000001232
1980 .0000001232
1981 .0000001232
1982 .0000001301
1983 .0000001232
1984 .0000001232
1985 .0000001301
1986 .0000001232
1987 .0000001232
1988 .0000001232
1989 .0000001232
1990 .0000001232
1991 .0000001232
1992 .0000001232
1993 .0000001232
1994 .0000001232
1995 .0000001232
1996 .0000001232
1997 .0000001232
1998 .0000001232
1999 .0000001232
2000 .0000001301
2001 .0000001232
2002 .0000001232
2003 .0000001232
2004 .0000001232
2005 .0000001232
2006 .0000001232
2007 .0000001369
2008 .0000001232
2009 .0000001369
2010 .0000001301
2011 .0000001232
2012 .0000001232
2013 .0000001232
2014 .0000001232
2015 .0000001232
2016 .0000001232
2017 .0000001232
2018 .0000001232
2019 .0000001301
2020 .0000001301
2021 .0000001301
2022 .0000001232
2023 .0000001232
2024 .0000001232
2025 .0000001232
2026 .0000001232
2027 .0000001232
2028 .0000001232
2029 .0000001232
2030 .0000001232
2031 .0000001232
2032 .0000001301
2033 .0000001301
2034 .0000001232
2035 .0000001232
2036 .0000001232
2037 .0000001232
2038 .0000001232
2039 .0000001369
2040 .0000001232
2041 .0000001232
2042 .0000001232
2043 .0000001232
2044 .0000001301
2045 .0000001232
2046 .0000001301
2047 .0000001232
2048 .0000867105
