0 .5931161517
1 .1783598222
2 .0630066083
3 .0147322256
4 .0100250546
5 .0002341303
6 .0001306085
7 .0000630561
8 .0000118435
9 .0048199044
10 .0096785198
11 .0336858155
12 .0000583406
13 .0048615763
14 .0047798774
15 .0000030705
16 .0525472885
17 .0238510260
18 .0000454004
19 .0000042768
20 .0000225905
21 .0000141465
22 .0000764350
23 .0000038382
24 .0000051541
25 .0003377617
26 .0001200808
27 .0000052638
28 .0000013159
29 .0000044961
30 .0000042768
31 .0000009869
32 .0000013159
33 .0000049348
34 .0000008773
35 .0000009869
36 .0000008773
37 .0000002193
38 .0000019739
39 .0000001096
40 0
41 .0000001096
42 0
43 .0000002193
44 .0000001096
45 .0000002193
46 .0000018642
47 .0000001096
48 0
49 0
50 0
51 .0000001096
52 .0000001096
53 .0000001096
54 0
55 .0000001096
56 0
57 0
58 .0000009869
59 .0000017546
60 0
61 .0000008773
62 .0000008773
63 .0000023029
64 .0000007676
65 .0000015352
66 0
67 .0000008773
68 .0000013159
69 .0000003289
70 .0000010966
71 .0000027415
72 .0000008773
73 .0000076764
74 .0000009869
75 .0000009869
76 0
77 .0000009869
78 .0000009869
79 .0000003289
80 .0000001096
81 .0000018642
82 .0000053734
83 .0000008773
84 0
85 .0000001096
86 0
87 .0000001096
88 0
89 .0000001096
90 .0000007676
91 0
92 0
93 .0000003289
94 .0000001096
95 0
96 0
97 0
98 0
99 0
100 0
101 0
102 0
103 0
104 0
105 0
106 0
107 0
108 0
109 0
110 0
111 0
112 0
113 0
114 0
115 0
116 0
117 0
118 0
119 0
120 0
121 0
122 0
123 0
124 0
125 0
126 0
127 0
128 0
129 0
130 0
131 0
132 0
133 0
134 0
135 0
136 0
137 0
138 0
139 0
140 0
141 0
142 0
143 0
144 0
145 0
146 0
147 0
148 0
149 .0000008773
150 .0001130624
151 .0000381626
152 .0000404656
153 .0048525839
