0 .4034322370
1 .1409332889
2 .0615521043
3 .0422387137
4 .0344590982
5 .0546490032
6 .0399634161
7 .0403152553
8 .0118459466
9 .0228867339
10 .0137796189
11 .0046141652
12 .0046102826
13 .0078702816
14 .0112296738
15 .0149554175
16 .0132991389
17 .0046379674
18 .0045098122
19 .0026212226
20 .0014436914
21 .0024047712
22 .0032674773
23 .0001310955
24 .0000905660
25 .0000823927
26 .0000898802
27 .0001134093
28 .0001386012
29 .0001421075
30 .0001179200
31 .0000907086
32 .0010684020
33 .0000795661
34 .0000762146
35 .0010663234
36 .0010683155
37 .0000744288
38 .0000756456
39 .0020545660
40 .0000714960
41 .0031614963
42 .0029350737
43 .0030575621
44 .0010653023
45 .0010755041
46 .0010792804
47 .0020647025
48 .0030551102
49 .0020556569
50 .0000735609
51 .0020548558
52 .0025522907
53 .0252788879
54 .0000945274
55 .0001408422
56 .0000690153
57 .0000689577
58 .0000679321
59 .0000672281
60 .0000671704
61 .0000664892
62 .0000660052
63 .0000649462
64 .0000641011
65 .0000653270
66 .0000612472
67 .0000578167
68 .0000530724
69 .0000465301
70 .0000387270
71 .0000243498
72 .0000160734
73 .0000085025
74 .0000056258
75 .0000049355
76 .0000046457
77 .0000037778
78 .0000023274
79 .0000014443
80 .0000009346
81 .0000007221
82 .0000006448
83 .0000005370
84 .0000005628
85 .0000005704
86 .0000003747
87 .0000003444
88 .0000003428
89 .0000005128
90 .0000005067
91 .0000002366
92 .0000002897
93 .0000002488
94 .0000002700
95 .0000002306
96 .0000002321
97 .0000002154
98 .0000001183
99 .0000001699
100 .0000001608
101 .0000000879
102 .0000001744
103 .0000001046
104 .0000001092
105 .0000001122
106 .0000001244
107 .0000001911
108 .0000001122
109 .0000001411
110 .0000000864
111 .0000000667
112 .0000000728
113 .0000000713
114 .0000000546
115 .0000000470
116 .0000000591
117 .0000000439
118 .0000000622
119 .0000000591
120 .0000000576
121 .0000000424
122 .0000000409
123 .0000000515
124 .0000000485
125 .0000000318
126 .0000000333
127 .0000000546
128 .0000000379
129 .0000009937
130 .0000000364
131 .0000000348
132 .0000000379
133 .0000000227
134 .0000000091
135 .0000000136
136 .0000000106
137 .0000000166
138 .0000000227
139 .0000000182
140 .0000000166
141 .0000000212
142 .0000000379
143 .0000000227
144 .0000000151
145 .0000000091
146 .0000000075
147 .0000000212
148 .0000000303
149 .0000000151
150 .0000000030
151 .0000000075
152 .0000000045
153 .0000000121
154 .0000000121
155 .0000000091
156 .0000000121
157 .0000000075
158 .0000000182
159 .0000000227
160 .0000000091
161 .0000000030
162 .0000000075
163 .0000000091
164 .0000000060
165 .0000000151
166 .0000000106
167 .0000000015
168 .0000000060
169 .0000000091
170 .0000000060
171 .0000000091
172 .0000000091
173 .0000000075
174 .0000000060
175 .0000000030
176 .0000000030
177 .0000000015
178 .0000000060
179 .0000000045
180 .0000000030
181 .0000000045
182 .0000000060
183 .0000000030
184 .0000000091
185 .0000000030
186 .0000000121
187 0
188 .0000000015
189 .0000000030
190 .0000000060
191 .0000000060
192 .0000000015
193 .0000000075
194 .0000000030
195 .0000000015
196 .0000000030
197 .0000000045
198 .0000000030
199 .0000000060
200 .0000000030
201 .0000000045
202 .0000000045
203 .0000000030
204 .0000000060
205 .0000000015
206 .0000000015
207 .0000000060
208 .0000000060
209 .0000000045
210 .0000000030
211 0
212 .0000000045
213 .0000000015
214 .0000000030
215 0
216 0
217 .0000000030
218 .0000000015
219 .0000000015
220 .0000000030
221 .0000000015
222 .0000000015
223 .0000000015
224 .0000000075
225 .0000000015
226 0
227 .0000000045
228 .0000000015
229 .0000000030
230 .0000000045
231 .0000000030
232 .0000000015
233 .0000000030
234 .0000000030
235 .0000000045
236 .0000000015
237 0
238 .0000000030
239 0
240 0
241 .0000000015
242 0
243 .0000000015
244 0
245 .0000000045
246 .0000000015
247 .0000000015
248 .0000000015
249 .0000000015
250 .0000000015
251 .0000000030
252 .0000000045
253 .0000000015
254 .0000000015
255 .0000000015
256 .0000000030
257 .0000004870
258 .0000000015
259 0
260 0
261 .0000000045
262 0
263 .0000000015
264 .0000000045
265 .0000000015
266 .0000000030
267 .0000000015
268 .0000000060
269 0
270 .0000000030
271 .0000000015
272 .0000000015
273 .0000000045
274 .0000000015
275 .0000000045
276 .0000000015
277 .0000000015
278 0
279 0
280 .0000000015
281 0
282 .0000000015
283 .0000000015
284 .0000000015
285 0
286 .0000000015
287 .0000000030
288 .0000000015
289 0
290 .0000000030
291 0
292 .0000000030
293 .0000000030
294 0
295 .0000000045
296 .0000000045
297 .0000000060
298 0
299 .0000000030
300 .0000000015
301 .0000000030
302 .0000000030
303 .0000000015
304 .0000000060
305 .0000000015
306 .0000000045
307 0
308 0
309 .0000000015
310 .0000000045
311 .0000000045
312 .0000000030
313 .0000000030
314 .0000000015
315 0
316 .0000000015
317 0
318 0
319 .0000000030
320 .0000000045
321 .0000000015
322 .0000000015
323 0
324 0
325 .0000000015
326 .0000000015
327 .0000000015
328 0
329 .0000000045
330 .0000000015
331 0
332 .0000000015
333 .0000000015
334 0
335 .0000000015
336 .0000000015
337 .0000000015
338 0
339 .0000000015
340 .0000000015
341 .0000000015
342 .0000000045
343 0
344 .0000000030
345 .0000000060
346 0
347 .0000000045
348 .0000000015
349 0
350 .0000000030
351 .0000000015
352 0
353 0
354 .0000000030
355 .0000000030
356 .0000000030
357 0
358 .0000000015
359 .0000000015
360 0
361 .0000000015
362 .0000000015
363 0
364 0
365 0
366 .0000000045
367 0
368 0
369 .0000000030
370 .0000000030
371 .0000000030
372 0
373 .0000000015
374 .0000000015
375 0
376 .0000000015
377 .0000000015
378 .0000000015
379 .0000000015
380 0
381 0
382 .0000000030
383 0
384 0
385 0
386 .0000000045
387 0
388 .0000000015
389 0
390 .0000000030
391 0
392 0
393 0
394 .0000000030
395 0
396 0
397 0
398 0
399 .0000000015
400 0
401 0
402 .0000000015
403 .0000000030
404 .0000000015
405 .0000000015
406 0
407 .0000000045
408 0
409 .0000000015
410 .0000000015
411 .0000000045
412 0
413 0
414 .0000000015
415 .0000000045
416 0
417 .0000000015
418 .0000000030
419 .0000000015
420 .0000000015
421 .0000000015
422 0
423 .0000000015
424 0
425 0
426 0
427 .0000000030
428 0
429 0
430 .0000000030
431 0
432 .0000000015
433 .0000000015
434 0
435 0
436 .0000000015
437 0
438 0
439 0
440 .0000000045
441 0
442 .0000000045
443 .0000000030
444 .0000000075
445 .0000000015
446 .0000000015
447 .0000000015
448 .0000000015
449 .0000000015
450 .0000000015
451 .0000000015
452 0
453 .0000000015
454 .0000000015
455 .0000000015
456 .0000000030
457 .0000000030
458 0
459 0
460 0
461 0
462 .0000000015
463 0
464 0
465 .0000000015
466 .0000000030
467 0
468 .0000000015
469 .0000000015
470 .0000000015
471 0
472 .0000000030
473 0
474 .0000000015
475 0
476 0
477 0
478 0
479 0
480 .0000000045
481 0
482 .0000000015
483 .0000000015
484 0
485 .0000000015
486 0
487 0
488 0
489 0
490 .0000000015
491 0
492 .0000000030
493 .0000000015
494 .0000000060
495 .0000000030
496 .0000000015
497 0
498 0
499 .0000000015
500 .0000000030
501 0
502 .0000000015
503 .0000000015
504 0
505 .0000000015
506 0
507 0
508 0
509 0
510 .0000000030
511 .0000000030
512 0
513 .0000002442
514 0
515 .0000000030
516 .0000000030
517 0
518 .0000000015
519 0
520 .0000000015
521 .0000000015
522 0
523 .0000000030
524 .0000000015
525 0
526 .0000000015
527 0
528 .0000000015
529 0
530 .0000000015
531 0
532 .0000000030
533 .0000000015
534 0
535 .0000000015
536 0
537 0
538 0
539 .0000000015
540 0
541 .0000000015
542 0
543 .0000000015
544 .0000000015
545 .0000000015
546 .0000000015
547 0
548 .0000000030
549 .0000000030
550 0
551 .0000000030
552 .0000000015
553 0
554 0
555 .0000000030
556 .0000000015
557 .0000000015
558 0
559 0
560 .0000000030
561 .0000000015
562 0
563 0
564 .0000000060
565 0
566 .0000000015
567 0
568 0
569 .0000000015
570 .0000000030
571 .0000000030
572 .0000000015
573 .0000000030
574 0
575 .0000000030
576 0
577 0
578 .0000000045
579 0
580 .0000000015
581 0
582 0
583 .0000000015
584 .0000000015
585 .0000000015
586 .0000000015
587 .0000000015
588 0
589 .0000000015
590 0
591 .0000000015
592 0
593 0
594 0
595 0
596 0
597 .0000000015
598 .0000000030
599 0
600 0
601 .0000000015
602 .0000000015
603 0
604 .0000000015
605 .0000000015
606 0
607 .0000000030
608 .0000000015
609 0
610 0
611 0
612 0
613 .0000000015
614 .0000000030
615 0
616 .0000000030
617 .0000000015
618 .0000000030
619 0
620 .0000000015
621 .0000000015
622 0
623 .0000000015
624 .0000000015
625 .0000000030
626 .0000000015
627 0
628 0
629 .0000000015
630 0
631 0
632 0
633 .0000000030
634 .0000000030
635 0
636 0
637 0
638 0
639 .0000000030
640 .0000000030
641 .0000000015
642 0
643 .0000000015
644 .0000000015
645 0
646 0
647 0
648 .0000000030
649 0
650 0
651 0
652 .0000000015
653 0
654 0
655 0
656 .0000000015
657 0
658 .0000000015
659 .0000000030
660 .0000000015
661 0
662 .0000000030
663 .0000000015
664 .0000000030
665 0
666 0
667 0
668 .0000000015
669 .0000000015
670 0
671 0
672 0
673 .0000000015
674 0
675 .0000000030
676 .0000000015
677 0
678 0
679 0
680 0
681 0
682 0
683 .0000000015
684 .0000000045
685 .0000000015
686 .0000000015
687 .0000000015
688 0
689 0
690 0
691 0
692 .0000000030
693 .0000000015
694 0
695 .0000000015
696 0
697 0
698 .0000000030
699 0
700 0
701 .0000000015
702 0
703 .0000000015
704 0
705 0
706 0
707 .0000000015
708 0
709 .0000000045
710 0
711 0
712 .0000000030
713 0
714 0
715 0
716 .0000000015
717 0
718 0
719 0
720 .0000000015
721 0
722 .0000000030
723 .0000000015
724 0
725 .0000000015
726 .0000000045
727 .0000000030
728 0
729 .0000000015
730 .0000000015
731 0
732 0
733 0
734 .0000000015
735 .0000000015
736 0
737 0
738 .0000000030
739 0
740 0
741 0
742 .0000000030
743 0
744 0
745 .0000000015
746 0
747 0
748 0
749 0
750 0
751 0
752 0
753 0
754 .0000000015
755 0
756 .0000000015
757 .0000000015
758 0
759 0
760 .0000000015
761 0
762 0
763 0
764 .0000000015
765 0
766 0
767 .0000000015
768 .0000000015
769 0
770 0
771 .0000000030
772 .0000000015
773 .0000000030
774 .0000000015
775 0
776 0
777 .0000000015
778 0
779 0
780 .0000000030
781 0
782 0
783 .0000000030
784 0
785 0
786 0
787 .0000000015
788 .0000000015
789 0
790 0
791 0
792 .0000000015
793 .0000000015
794 0
795 .0000000015
796 0
797 .0000000015
798 0
799 0
800 .0000000015
801 .0000000030
802 0
803 0
804 .0000000015
805 .0000000015
806 .0000000015
807 0
808 0
809 0
810 0
811 0
812 0
813 0
814 0
815 .0000000015
816 0
817 0
818 0
819 0
820 0
821 0
822 .0000000015
823 .0000000030
824 0
825 0
826 0
827 .0000000015
828 0
829 0
830 0
831 .0000000015
832 .0000000030
833 0
834 0
835 0
836 .0000000015
837 0
838 0
839 .0000000030
840 0
841 0
842 0
843 .0000000015
844 0
845 .0000000015
846 0
847 .0000000015
848 0
849 0
850 0
851 0
852 .0000000015
853 .0000000030
854 0
855 0
856 0
857 0
858 0
859 0
860 .0000000015
861 .0000000015
862 0
863 0
864 0
865 0
866 0
867 .0000000015
868 .0000000015
869 .0000000015
870 0
871 .0000000015
872 0
873 .0000000030
874 .0000000015
875 0
876 0
877 0
878 0
879 0
880 0
881 0
882 0
883 0
884 .0000000030
885 0
886 .0000000015
887 0
888 0
889 0
890 0
891 0
892 0
893 0
894 0
895 0
896 0
897 .0000000015
898 0
899 0
900 .0000000015
901 0
902 .0000000015
903 .0000000030
904 .0000000015
905 0
906 .0000000030
907 0
908 .0000000015
909 0
910 .0000000015
911 0
912 0
913 0
914 0
915 0
916 0
917 0
918 0
919 .0000000030
920 0
921 0
922 .0000000015
923 0
924 .0000000015
925 0
926 .0000000015
927 .0000000015
928 0
929 .0000000015
930 0
931 0
932 0
933 0
934 0
935 0
936 0
937 0
938 .0000000015
939 0
940 .0000000015
941 0
942 0
943 0
944 0
945 0
946 .0000000015
947 .0000000015
948 .0000000015
949 0
950 .0000000015
951 .0000000015
952 .0000000030
953 0
954 0
955 0
956 0
957 0
958 0
959 .0000000015
960 .0000000045
961 0
962 0
963 .0000000030
964 0
965 0
966 0
967 .0000000015
968 0
969 0
970 0
971 .0000000015
972 0
973 0
974 0
975 0
976 0
977 0
978 .0000000015
979 .0000000015
980 0
981 0
982 0
983 0
984 .0000000015
985 .0000000015
986 .0000000015
987 0
988 0
989 0
990 .0000000015
991 0
992 0
993 .0000000015
994 0
995 .0000000015
996 0
997 0
998 .0000000030
999 .0000000030
1000 0
1001 0
1002 0
1003 0
1004 0
1005 .0000000015
1006 0
1007 0
1008 0
1009 0
1010 0
1011 0
1012 0
1013 .0000000015
1014 0
1015 0
1016 0
1017 0
1018 0
1019 0
1020 0
1021 0
1022 .0000000030
1023 0
1024 0
1025 .0000001213
1026 .0000000030
1027 0
1028 0
1029 0
1030 0
1031 0
1032 .0000000015
1033 0
1034 0
1035 .0000000030
1036 0
1037 0
1038 0
1039 .0000000015
1040 .0000000015
1041 0
1042 0
1043 0
1044 0
1045 0
1046 0
1047 0
1048 0
1049 0
1050 0
1051 .0000000015
1052 0
1053 .0000000030
1054 .0000000015
1055 0
1056 0
1057 .0000000015
1058 0
1059 0
1060 .0000000015
1061 0
1062 .0000000015
1063 0
1064 0
1065 0
1066 0
1067 0
1068 0
1069 0
1070 .0000000015
1071 0
1072 0
1073 0
1074 0
1075 0
1076 .0000000015
1077 .0000000015
1078 0
1079 .0000000015
1080 0
1081 .0000000151
1082 0
1083 .0000000015
1084 .0000000136
1085 .0000000015
1086 .0000000015
1087 .0000000136
1088 0
1089 .0000000030
1090 .0000000136
1091 .0000000015
1092 .0000000030
1093 .0000000136
1094 .0000000015
1095 .0000000030
1096 .0000000136
1097 0
1098 .0000000015
1099 .0000000136
1100 0
1101 .0000000015
1102 .0000000151
1103 0
1104 .0000000015
1105 .0000000136
1106 0
1107 .0000000015
1108 .0000000151
1109 0
1110 .0000000015
1111 .0000000136
1112 0
1113 .0000000015
1114 .0000000136
1115 0
1116 .0000000030
1117 .0000000136
1118 .0000000015
1119 .0000000015
1120 .0000000136
1121 0
1122 .0000000030
1123 .0000000136
1124 0
1125 .0000000015
1126 .0000000151
1127 0
1128 .0000000030
1129 .0000000136
1130 0
1131 .0000000015
1132 .0000000136
1133 0
1134 .0000000015
1135 .0000000136
1136 0
1137 .0000000015
1138 .0000000136
1139 0
1140 .0000000015
1141 .0000000136
1142 .0000000015
1143 .0000000015
1144 .0000000136
1145 0
1146 .0000000015
1147 .0000000136
1148 .0000000015
1149 .0000000015
1150 .0000000136
1151 .0000000015
1152 .0000000015
1153 .0000000136
1154 0
1155 .0000000015
1156 .0000000136
1157 0
1158 .0000000015
1159 .0000000136
1160 0
1161 .0000000015
1162 .0000000136
1163 0
1164 .0000000015
1165 .0000000151
1166 0
1167 .0000000015
1168 .0000000136
1169 .0000000015
1170 .0000000030
1171 .0000000136
1172 0
1173 .0000000015
1174 .0000000136
1175 .0000000015
1176 .0000000015
1177 .0000000136
1178 0
1179 .0000000015
1180 .0000000136
1181 .0000000015
1182 .0000000015
1183 .0000000136
1184 .0000000015
1185 .0000000030
1186 .0000000136
1187 0
1188 .0000000015
1189 .0000000136
1190 .0000000015
1191 .0000000015
1192 .0000000136
1193 0
1194 .0000000015
1195 .0000000136
1196 0
1197 .0000000015
1198 .0000000136
1199 0
1200 .0000000015
1201 .0000000151
1202 0
1203 .0000000015
1204 .0000000136
1205 0
1206 .0000000015
1207 .0000000151
1208 0
1209 .0000000030
1210 .0000000136
1211 .0000000015
1212 .0000000045
1213 .0000000136
1214 0
1215 .0000000015
1216 .0000000136
1217 0
1218 .0000000015
1219 .0000000136
1220 0
1221 .0000000015
1222 .0000000136
1223 .0000000015
1224 .0000000015
1225 .0000000136
1226 0
1227 .0000000015
1228 .0000000136
1229 0
1230 .0000000015
1231 .0000000136
1232 0
1233 .0000000015
1234 .0000000136
1235 0
1236 .0000000015
1237 .0000000151
1238 0
1239 .0000000015
1240 .0000000136
1241 0
1242 .0000000030
1243 .0000000136
1244 0
1245 .0000000015
1246 .0000000136
1247 0
1248 .0000000015
1249 .0000000136
1250 .0000000015
1251 .0000000015
1252 .0000000136
1253 .0000000015
1254 .0000000015
1255 .0000000136
1256 0
1257 .0000000015
1258 .0000000136
1259 0
1260 .0000000015
1261 .0000000136
1262 0
1263 .0000000015
1264 .0000000136
1265 0
1266 .0000000015
1267 .0000000136
1268 0
1269 .0000000015
1270 .0000000136
1271 0
1272 .0000000015
1273 .0000000136
1274 0
1275 .0000000015
1276 .0000000151
1277 0
1278 .0000000045
1279 .0000000151
1280 0
1281 .0000000015
1282 .0000000136
1283 0
1284 .0000000015
1285 .0000000136
1286 .0000000015
1287 .0000000015
1288 .0000000151
1289 0
1290 .0000000015
1291 .0000000151
1292 0
1293 .0000000030
1294 .0000000136
1295 .0000000015
1296 .0000000015
1297 .0000000166
1298 0
1299 .0000000015
1300 .0000000136
1301 0
1302 .0000000030
1303 .0000000136
1304 0
1305 .0000000015
1306 .0000000136
1307 0
1308 .0000000015
1309 .0000000136
1310 0
1311 .0000000015
1312 .0000000136
1313 0
1314 .0000000015
1315 .0000000136
1316 0
1317 .0000000030
1318 .0000000151
1319 0
1320 .0000000015
1321 .0000000136
1322 0
1323 .0000000015
1324 .0000000151
1325 0
1326 .0000000015
1327 .0000000136
1328 0
1329 .0000000015
1330 .0000000136
1331 0
1332 .0000000015
1333 .0000000136
1334 .0000000015
1335 .0000000015
1336 .0000000136
1337 0
1338 .0000000015
1339 .0000000136
1340 0
1341 .0000000015
1342 .0000000136
1343 0
1344 .0000000015
1345 .0000000136
1346 0
1347 .0000000015
1348 .0000000136
1349 0
1350 .0000000015
1351 .0000000136
1352 0
1353 .0000000015
1354 .0000000136
1355 0
1356 .0000000015
1357 .0000000136
1358 0
1359 .0000000015
1360 .0000000136
1361 0
1362 .0000000015
1363 .0000000136
1364 0
1365 .0000000030
1366 .0000000136
1367 0
1368 .0000000015
1369 .0000000136
1370 .0000000015
1371 .0000000015
1372 .0000000136
1373 0
1374 .0000000030
1375 .0000000136
1376 0
1377 .0000000015
1378 .0000000151
1379 0
1380 .0000000015
1381 .0000000151
1382 0
1383 .0000000015
1384 .0000000136
1385 .0000000015
1386 .0000000015
1387 .0000000136
1388 0
1389 .0000000030
1390 .0000000136
1391 0
1392 .0000000015
1393 .0000000136
1394 0
1395 .0000000015
1396 .0000000136
1397 0
1398 .0000000015
1399 .0000000136
1400 0
1401 .0000000015
1402 .0000000136
1403 0
1404 .0000000015
1405 .0000000136
1406 0
1407 .0000000015
1408 .0000000136
1409 0
1410 .0000000015
1411 .0000000136
1412 0
1413 .0000000015
1414 .0000000136
1415 0
1416 .0000000015
1417 .0000000136
1418 0
1419 .0000000015
1420 .0000000136
1421 0
1422 .0000000015
1423 .0000000136
1424 .0000000015
1425 .0000000015
1426 .0000000136
1427 0
1428 .0000000015
1429 .0000000136
1430 0
1431 .0000000015
1432 .0000000136
1433 0
1434 .0000000015
1435 .0000000136
1436 0
1437 .0000000030
1438 .0000000136
1439 0
1440 .0000000015
1441 .0000000136
1442 0
1443 .0000000015
1444 .0000000151
1445 0
1446 .0000000015
1447 .0000000136
1448 0
1449 .0000000015
1450 .0000000136
1451 0
1452 .0000000015
1453 .0000000136
1454 0
1455 .0000000015
1456 .0000000136
1457 0
1458 .0000000015
1459 .0000000136
1460 0
1461 .0000000030
1462 .0000000136
1463 0
1464 .0000000015
1465 .0000000151
1466 .0000000015
1467 .0000000015
1468 .0000000136
1469 0
1470 .0000000015
1471 .0000000136
1472 0
1473 .0000000015
1474 .0000000136
1475 0
1476 .0000000015
1477 .0000000136
1478 0
1479 .0000000015
1480 .0000000136
1481 0
1482 .0000000015
1483 .0000000136
1484 0
1485 .0000000015
1486 .0000000136
1487 0
1488 .0000000030
1489 .0000000136
1490 0
1491 .0000000015
1492 .0000000136
1493 0
1494 .0000000015
1495 .0000000136
1496 0
1497 .0000000015
1498 .0000000136
1499 0
1500 .0000000015
1501 .0000000136
1502 0
1503 .0000000015
1504 .0000000136
1505 0
1506 .0000000015
1507 .0000000136
1508 0
1509 .0000000015
1510 .0000000136
1511 0
1512 .0000000015
1513 .0000000136
1514 0
1515 .0000000015
1516 .0000000151
1517 0
1518 .0000000015
1519 .0000000136
1520 .0000000015
1521 .0000000015
1522 .0000000136
1523 0
1524 .0000000015
1525 .0000000151
1526 0
1527 .0000000015
1528 .0000000136
1529 0
1530 .0000000015
1531 .0000000151
1532 0
1533 .0000000015
1534 .0000000151
1535 0
1536 .0000000015
1537 .0000000136
1538 0
1539 .0000000015
1540 .0000000136
1541 0
1542 .0000000015
1543 .0000000136
1544 0
1545 .0000000015
1546 .0000000136
1547 0
1548 .0000000015
1549 .0000000136
1550 0
1551 .0000000015
1552 .0000000136
1553 0
1554 .0000000015
1555 .0000000136
1556 .0000000015
1557 .0000000015
1558 .0000000151
1559 0
1560 .0000000015
1561 .0000000136
1562 0
1563 .0000000030
1564 .0000000151
1565 0
1566 .0000000015
1567 .0000000136
1568 0
1569 .0000000015
1570 .0000000136
1571 0
1572 .0000000015
1573 .0000000151
1574 0
1575 .0000000015
1576 .0000000136
1577 0
1578 .0000000015
1579 .0000000136
1580 0
1581 .0000000015
1582 .0000000136
1583 0
1584 .0000000015
1585 .0000000151
1586 0
1587 .0000000015
1588 .0000000136
1589 0
1590 .0000000030
1591 .0000000136
1592 0
1593 .0000000015
1594 .0000000136
1595 .0000000015
1596 .0000000015
1597 .0000000136
1598 0
1599 .0000000015
1600 .0000000136
1601 0
1602 .0000000015
1603 .0000000136
1604 0
1605 .0000000015
1606 .0000000136
1607 0
1608 .0000000015
1609 .0000000136
1610 0
1611 .0000000015
1612 .0000000136
1613 0
1614 .0000000015
1615 .0000000136
1616 0
1617 .0000000015
1618 .0000000136
1619 0
1620 .0000000015
1621 .0000000136
1622 0
1623 .0000000015
1624 .0000000151
1625 0
1626 .0000000015
1627 .0000000136
1628 0
1629 .0000000015
1630 .0000000136
1631 0
1632 .0000000015
1633 .0000000136
1634 0
1635 .0000000015
1636 .0000000136
1637 0
1638 .0000000015
1639 .0000000136
1640 0
1641 .0000000015
1642 .0000000136
1643 0
1644 .0000000015
1645 .0000000136
1646 0
1647 .0000000015
1648 .0000000136
1649 0
1650 .0000000015
1651 .0000000136
1652 0
1653 .0000000015
1654 .0000000136
1655 0
1656 .0000000015
1657 .0000000136
1658 0
1659 .0000000015
1660 .0000000136
1661 0
1662 .0000000015
1663 .0000000136
1664 0
1665 .0000000015
1666 .0000000136
1667 0
1668 .0000000015
1669 .0000000136
1670 0
1671 .0000000015
1672 .0000000136
1673 0
1674 .0000000015
1675 .0000000136
1676 0
1677 .0000000015
1678 .0000000136
1679 0
1680 .0000000015
1681 .0000000136
1682 0
1683 .0000000015
1684 .0000000136
1685 0
1686 .0000000015
1687 .0000000151
1688 0
1689 .0000000015
1690 .0000000136
1691 0
1692 .0000000015
1693 .0000000136
1694 0
1695 .0000000015
1696 .0000000136
1697 .0000000015
1698 .0000000015
1699 .0000000136
1700 0
1701 .0000000015
1702 .0000000136
1703 0
1704 .0000000015
1705 .0000000136
1706 0
1707 .0000000015
1708 .0000000136
1709 0
1710 .0000000015
1711 .0000000136
1712 0
1713 .0000000015
1714 .0000000136
1715 0
1716 .0000000015
1717 .0000000136
1718 0
1719 .0000000015
1720 .0000000136
1721 0
1722 .0000000015
1723 .0000000136
1724 0
1725 .0000000015
1726 .0000000136
1727 0
1728 .0000000015
1729 .0000000136
1730 0
1731 .0000000015
1732 .0000000136
1733 0
1734 .0000000015
1735 .0000000136
1736 0
1737 .0000000015
1738 .0000000136
1739 0
1740 .0000000015
1741 .0000000136
1742 0
1743 .0000000015
1744 .0000000136
1745 0
1746 .0000000015
1747 .0000000136
1748 0
1749 .0000000015
1750 .0000000136
1751 0
1752 .0000000015
1753 .0000000136
1754 0
1755 .0000000015
1756 .0000000136
1757 0
1758 .0000000015
1759 .0000000136
1760 0
1761 .0000000030
1762 .0000000136
1763 0
1764 .0000000015
1765 .0000000136
1766 0
1767 .0000000015
1768 .0000000136
1769 0
1770 .0000000015
1771 .0000000136
1772 0
1773 .0000000015
1774 .0000000136
1775 0
1776 .0000000015
1777 .0000000136
1778 0
1779 .0000000015
1780 .0000000136
1781 0
1782 .0000000015
1783 .0000000136
1784 0
1785 .0000000015
1786 .0000000136
1787 0
1788 .0000000015
1789 .0000000136
1790 0
1791 .0000000015
1792 .0000000136
1793 0
1794 .0000000015
1795 .0000000136
1796 0
1797 .0000000015
1798 .0000000136
1799 0
1800 .0000000015
1801 .0000000151
1802 0
1803 .0000000015
1804 .0000000136
1805 0
1806 .0000000015
1807 .0000000136
1808 0
1809 .0000000015
1810 .0000000136
1811 0
1812 .0000000015
1813 .0000000136
1814 0
1815 .0000000015
1816 .0000000136
1817 0
1818 .0000000015
1819 .0000000136
1820 .0000000015
1821 .0000000015
1822 .0000000136
1823 0
1824 .0000000015
1825 .0000000136
1826 0
1827 .0000000015
1828 .0000000136
1829 0
1830 .0000000015
1831 .0000000136
1832 0
1833 .0000000015
1834 .0000000136
1835 .0000000015
1836 .0000000015
1837 .0000000136
1838 0
1839 .0000000015
1840 .0000000136
1841 0
1842 .0000000015
1843 .0000000136
1844 0
1845 .0000000015
1846 .0000000136
1847 0
1848 .0000000015
1849 .0000000136
1850 0
1851 .0000000015
1852 .0000000136
1853 0
1854 .0000000015
1855 .0000000136
1856 0
1857 .0000000015
1858 .0000000136
1859 0
1860 .0000000015
1861 .0000000136
1862 0
1863 .0000000015
1864 .0000000136
1865 0
1866 .0000000015
1867 .0000000136
1868 0
1869 .0000000015
1870 .0000000136
1871 0
1872 .0000000015
1873 .0000000136
1874 0
1875 .0000000015
1876 .0000000136
1877 0
1878 .0000000015
1879 .0000000136
1880 0
1881 .0000000015
1882 .0000000136
1883 0
1884 .0000000015
1885 .0000000136
1886 0
1887 .0000000015
1888 .0000000136
1889 0
1890 .0000000015
1891 .0000000136
1892 0
1893 .0000000015
1894 .0000000136
1895 0
1896 .0000000015
1897 .0000000136
1898 0
1899 .0000000015
1900 .0000000136
1901 0
1902 .0000000015
1903 .0000000136
1904 0
1905 .0000000015
1906 .0000000136
1907 0
1908 .0000000015
1909 .0000000136
1910 0
1911 .0000000015
1912 .0000000136
1913 0
1914 .0000000015
1915 .0000000136
1916 0
1917 .0000000015
1918 .0000000136
1919 0
1920 .0000000015
1921 .0000000136
1922 0
1923 .0000000015
1924 .0000000136
1925 0
1926 .0000000015
1927 .0000000136
1928 0
1929 .0000000015
1930 .0000000136
1931 0
1932 .0000000015
1933 .0000000136
1934 0
1935 .0000000015
1936 .0000000136
1937 0
1938 .0000000015
1939 .0000000136
1940 0
1941 .0000000015
1942 .0000000136
1943 0
1944 .0000000015
1945 .0000000136
1946 0
1947 .0000000015
1948 .0000000136
1949 0
1950 .0000000015
1951 .0000000136
1952 0
1953 .0000000015
1954 .0000000136
1955 0
1956 .0000000015
1957 .0000000136
1958 0
1959 .0000000015
1960 .0000000136
1961 0
1962 .0000000015
1963 .0000000136
1964 0
1965 .0000000015
1966 .0000000136
1967 0
1968 .0000000015
1969 .0000000136
1970 0
1971 .0000000015
1972 .0000000136
1973 0
1974 .0000000015
1975 .0000000136
1976 0
1977 .0000000015
1978 .0000000136
1979 0
1980 .0000000015
1981 .0000000136
1982 0
1983 .0000000015
1984 .0000000136
1985 0
1986 .0000000015
1987 .0000000136
1988 0
1989 .0000000015
1990 .0000000136
1991 0
1992 .0000000015
1993 .0000000151
1994 0
1995 .0000000015
1996 .0000000136
1997 0
1998 .0000000015
1999 .0000000136
2000 0
2001 .0000000015
2002 .0000000136
2003 0
2004 .0000000015
2005 .0000000136
2006 0
2007 .0000000015
2008 .0000000136
2009 0
2010 .0000000015
2011 .0000000136
2012 0
2013 .0000000015
2014 .0000000136
2015 0
2016 .0000000015
2017 .0000000136
2018 0
2019 .0000000015
2020 .0000000136
2021 0
2022 .0000000015
2023 .0000000136
2024 0
2025 .0000000015
2026 .0000000136
2027 0
2028 .0000000015
2029 .0000000136
2030 0
2031 .0000000015
2032 .0000000136
2033 0
2034 .0000000015
2035 .0000000136
2036 0
2037 .0000000015
2038 .0000000136
2039 0
2040 .0000000015
2041 .0000000136
2042 0
2043 .0000000015
2044 .0000000136
2045 0
2046 .0000000015
2047 .0000000136
2048 .0010764417
