0 .3083843583
1 .0954774967
2 .0146194118
3 .0302716104
4 .0343046393
5 .0585208601
6 .1863088508
7 .0561286481
8 .0153433539
9 .0225657445
10 .0072195944
11 .0173657148
12 .0124768175
13 .0079392152
14 .0046687659
15 .0010134681
16 .0026469134
17 .0062584900
18 .0023721306
19 .0029880407
20 .0009267882
21 .0058301745
22 .0008190103
23 .0075081036
24 .0075124249
25 .0011311596
26 .0024974479
27 .0073972754
28 .0226918243
29 .0069046490
30 .0006619190
31 .0001240462
32 .0001065069
33 .0001886113
34 .0002567351
35 .0005040650
36 .0005465153
37 .0003055401
38 .0001720887
39 .0002409751
40 .0004201813
41 .0001446359
42 .0003655297
43 .0001725971
44 .0001611584
45 .0000925263
46 .0000976101
47 .0001072695
48 .0001118449
49 .0001037108
50 .0001054901
51 .0001382810
52 .0001126075
53 .0000559224
54 .0000305031
55 .0000350786
56 .0000493134
57 .0000638024
58 .0000861714
59 .0001962371
60 .0003983206
61 .0005551578
62 .0001052359
63 .0001054901
64 .0000714282
65 .0001209959
66 .0000958308
67 .0000841379
68 .0000462631
69 .0000292322
70 .0000498218
71 .0000978643
72 .0000800708
73 .0000617689
74 .0000528721
75 .0000594812
76 .0000444838
77 .0000294864
78 .0000259277
79 .0000317741
80 .0000503302
81 .0000622773
82 .0000485508
83 .0000452463
84 .0000340618
85 .0000424502
86 .0000493134
87 .0000521095
88 .0000505844
89 .0000493134
90 .0000419418
91 .0000528721
92 .0000495676
93 .0000521095
94 .0000350786
95 .0002564809
96 .0000668528
97 .0000660902
98 .0000709198
99 .0000444838
100 .0000198270
101 .0000216064
102 .0000269444
103 .0000101677
104 .0000119470
105 .0000386373
106 .0000602437
107 .0001771726
108 .0003179956
109 .0003947619
110 .0003556162
111 .0000643108
112 .0000284696
113 .0000338076
114 .0000381289
115 .0000569392
116 .0000813418
117 .0000378747
118 .0000327909
119 .0000198270
120 .0000157599
121 .0000264360
122 .0000322825
123 .0000198270
124 .0000241483
125 .0000284696
126 .0000399083
127 .0000376205
128 .0000218606
129 .0000251651
130 .0000185561
131 .0000266902
132 .0000271986
133 .0000183019
134 .0000213522
135 .0000170309
136 .0000218606
137 .0000271986
138 .0000139806
139 .0000119470
140 .0000180477
141 .0000116928
142 .0000155057
143 .0000180477
144 .0000155057
145 .0000198270
146 .0000238941
147 .0000188102
148 .0000167767
149 .0000233857
150 .0000203354
151 .0000167767
152 .0000231315
153 .0000195728
154 .0000195728
155 .0000226231
156 .0000170309
157 .0000210980
158 .0000226231
159 .0000274528
160 .0000208438
161 .0000165225
162 .0000195728
163 .0000162683
164 .0000144890
165 .0000205896
166 .0000155057
167 .0000149973
168 .0000195728
169 .0000157599
170 .0000193186
171 .0000231315
172 .0000251651
173 .0000203354
174 .0000208438
175 .0000218606
176 .0000208438
177 .0000205896
178 .0000256735
179 .0000251651
180 .0000228773
181 .0000193186
182 .0000162683
183 .0000216064
184 .0000175393
185 .0000271986
186 .0000228773
187 .0000231315
188 .0000223689
189 .0000203354
190 .0000617689
191 .0000650734
192 .0000477883
193 .0000238941
194 .0000109303
195 .0000078799
196 .0000152515
197 .0000251651
198 .0000404167
199 .0000765121
200 .0001250630
201 .0002069132
202 .0003052859
203 .0003579039
204 .0001743765
205 .0000503302
206 .0000193186
207 .0000073716
208 .0000101677
209 .0000045754
210 .0000066090
211 .0000111844
212 .0000058464
213 .0000066090
214 .0000246567
215 .0000114386
216 .0000482967
217 .0000622773
218 .0000381289
219 .0000137264
220 .0000073716
221 .0000048296
222 .0000109303
223 .0000259277
224 .0000106761
225 .0000104219
226 .0000160141
227 .0000213522
228 .0000101677
229 .0000106761
230 .0000073716
231 .0000160141
232 .0000073716
233 .0000083883
234 .0000127096
235 .0000099135
236 .0000147432
237 .0000404167
238 .0000289780
239 .0000068632
240 .0000055922
241 .0000048296
242 .0000048296
243 .0000083883
244 .0000137264
245 .0000050838
246 .0000081341
247 .0000081341
248 .0000048296
249 .0000076257
250 .0000058464
251 .0000061006
252 .0000081341
253 .0000094051
254 .0000172851
255 .0000155057
256 .0000086425
257 .0000132180
258 .0000078799
259 .0000185561
260 .0000180477
261 .0000078799
262 .0000096593
263 .0000111844
264 .0000066090
265 .0000088967
266 .0000066090
267 .0000063548
268 .0000068632
269 .0000033045
270 .0000086425
271 .0000045754
272 .0000063548
273 .0000061006
274 .0000083883
275 .0000091509
276 .0000185561
277 .0000162683
278 .0000038128
279 .0000091509
280 .0000081341
281 .0000048296
282 .0000071174
283 .0000188102
284 .0000104219
285 .0000076257
286 .0000081341
287 .0000109303
288 .0000091509
289 .0000081341
290 .0000068632
291 .0000076257
292 .0000088967
293 .0000099135
294 .0000066090
295 .0000071174
296 .0000104219
297 .0000091509
298 .0000091509
299 .0000104219
300 .0000091509
301 .0000094051
302 .0000122012
303 .0000127096
304 .0000076257
305 .0000116928
306 .0000068632
307 .0000078799
308 .0000111844
309 .0000132180
310 .0000096593
311 .0000109303
312 .0000134722
313 .0000111844
314 .0000078799
315 .0000106761
316 .0000048296
317 .0000081341
318 .0000086425
319 .0000088967
320 .0000109303
321 .0000129638
322 .0000132180
323 .0000101677
324 .0000106761
325 .0000116928
326 .0000073716
327 .0000083883
328 .0000058464
329 .0000066090
330 .0000061006
331 .0000061006
332 .0000068632
333 .0000066090
334 .0000099135
335 .0000086425
336 .0000096593
337 .0000096593
338 .0000083883
339 .0000139806
340 .0000111844
341 .0000129638
342 .0000081341
343 .0000104219
344 .0000104219
345 .0000101677
346 .0000104219
347 .0000149973
348 .0000076257
349 .0000091509
350 .0000119470
351 .0000142348
352 .0000073716
353 .0000109303
354 .0000231315
355 .0000149973
356 .0000106761
357 .0000086425
358 .0000094051
359 .0000053380
360 .0000058464
361 .0000111844
362 .0000073716
363 .0000114386
364 .0000068632
365 .0000094051
366 .0000116928
367 .0000045754
368 .0000111844
369 .0000155057
370 .0000096593
371 .0000190644
372 .0000099135
373 .0000094051
374 .0000185561
375 .0000526179
376 .0000327909
377 .0000699031
378 .0000434670
379 .0000053380
380 .0000055922
381 .0000061006
382 .0000063548
383 .0000035587
384 .0000038128
385 .0000137264
386 .0000393999
387 .0000747327
388 .0001408230
389 .0002196228
390 .0002554641
391 .0002730034
392 .0002330951
393 .0001184540
394 .0000030503
395 .0000068632
396 .0000012709
397 .0000030503
398 .0000022877
399 .0000015251
400 .0000030503
401 .0000081341
402 .0000040670
403 .0000040670
404 .0000053380
405 .0000035587
406 .0000015251
407 .0000010167
408 .0000007625
409 .0000149973
410 .0000078799
411 .0000050838
412 .0000099135
413 .0000063548
414 .0000312657
415 .0000737160
416 .0000078799
417 .0000050838
418 .0000055922
419 .0000078799
420 .0000061006
421 .0000063548
422 .0000061006
423 .0000099135
424 .0000094051
425 .0000066090
426 .0000012709
427 .0000033045
428 .0000027961
429 .0000022877
430 .0000038128
431 .0000048296
432 .0000053380
433 .0000088967
434 .0000066090
435 .0000073716
436 .0000116928
437 .0000071174
438 .0000015251
439 .0000022877
440 .0000071174
441 .0000045754
442 .0000045754
443 .0000152515
444 .0000081341
445 .0000076257
446 .0000045754
447 .0000053380
448 .0000038128
449 .0000027961
450 .0000038128
451 .0000086425
452 .0000083883
453 .0000142348
454 .0000353328
455 .0000096593
456 .0000083883
457 .0000063548
458 .0000055922
459 .0000068632
460 .0000022877
461 .0000038128
462 .0000061006
463 .0000035587
464 .0000030503
465 .0000048296
466 .0000043212
467 .0000058464
468 .0000061006
469 .0000061006
470 .0000017793
471 .0000027961
472 .0000063548
473 .0000040670
474 .0000030503
475 .0000015251
476 .0000015251
477 .0000030503
478 .0000038128
479 .0000040670
480 .0000068632
481 .0000030503
482 .0000081341
483 .0000038128
484 .0000038128
485 .0000002541
486 .0000038128
487 .0000027961
488 .0000017793
489 .0000035587
490 .0000033045
491 .0000038128
492 .0000035587
493 .0000038128
494 .0000022877
495 .0000040670
496 .0000050838
497 .0000053380
498 .0000111844
499 .0000114386
500 .0000045754
501 .0000053380
502 .0000088967
503 .0000061006
504 .0000033045
505 .0000038128
506 .0000012709
507 .0000058464
508 .0000055922
509 .0000035587
510 .0000048296
511 .0000058464
512 .0000048296
513 .0000038128
514 .0000022877
515 .0000030503
516 .0000050838
517 .0000033045
518 .0000081341
519 .0000063548
520 .0000086425
521 .0000025419
522 .0000030503
523 .0000055922
524 .0000043212
525 .0000030503
526 .0000038128
527 .0000038128
528 .0000045754
529 .0000055922
530 .0000038128
531 .0000144890
532 .0000137264
533 .0000035587
534 .0000053380
535 .0000025419
536 .0000066090
537 .0000050838
538 .0000030503
539 .0000043212
540 .0000050838
541 .0000025419
542 .0000012709
543 .0000007625
544 .0000050838
545 .0000055922
546 .0000061006
547 .0000078799
548 .0000063548
549 .0000061006
550 .0000022877
551 .0000025419
552 .0000048296
553 .0000030503
554 .0000027961
555 .0000050838
556 .0000035587
557 .0000058464
558 .0000017793
559 .0000050838
560 .0000073716
561 .0000053380
562 .0000048296
563 .0000022877
564 .0000045754
565 .0000033045
566 .0000030503
567 .0000015251
568 .0000045754
569 .0000094051
570 .0000045754
571 .0000076257
572 .0000038128
573 .0000030503
574 .0000027961
575 .0000053380
576 .0000061006
577 .0000061006
578 .0000035587
579 .0000038128
580 .0000068632
581 .0000058464
582 .0000073716
583 .0000068632
584 .0000033045
585 .0000045754
586 .0000025419
587 .0000076257
588 .0000050838
589 .0000058464
590 .0000088967
591 .0000048296
592 .0000033045
593 .0000043212
594 .0000053380
595 .0000038128
596 .0000050838
597 .0000050838
598 .0000045754
599 .0000073716
600 .0000050838
601 .0000043212
602 .0000063548
603 .0000050838
604 .0000048296
605 .0000045754
606 .0000055922
607 .0000055922
608 .0000066090
609 .0000061006
610 .0000088967
611 .0000063548
612 .0000048296
613 .0000053380
614 .0000086425
615 .0000045754
616 .0000055922
617 .0000040670
618 .0000053380
619 .0000050838
620 .0000063548
621 .0000055922
622 .0000033045
623 .0000061006
624 .0000048296
625 .0000045754
626 .0000055922
627 .0000030503
628 .0000045754
629 .0000078799
630 .0000045754
631 .0000035587
632 .0000050838
633 .0000038128
634 .0000035587
635 .0000068632
636 .0000073716
637 .0000048296
638 .0000043212
639 .0000088967
640 .0000045754
641 .0000053380
642 .0000025419
643 .0000061006
644 .0000068632
645 .0000061006
646 .0000035587
647 .0000053380
648 .0000043212
649 .0000048296
650 .0000048296
651 .0000035587
652 .0000061006
653 .0000071174
654 .0000050838
655 .0000040670
656 .0000050838
657 .0000043212
658 .0000053380
659 .0000055922
660 .0000055922
661 .0000040670
662 .0000053380
663 .0000050838
664 .0000022877
665 .0000043212
666 .0000040670
667 .0000040670
668 .0000025419
669 .0000040670
670 .0000055922
671 .0000025419
672 .0000030503
673 .0000030503
674 .0000061006
675 .0000022877
676 .0000045754
677 .0000025419
678 .0000048296
679 .0000030503
680 .0000053380
681 .0000066090
682 .0000058464
683 .0000086425
684 .0000078799
685 .0000048296
686 .0000038128
687 .0000038128
688 .0000043212
689 .0000033045
690 .0000053380
691 .0000058464
692 .0000045754
693 .0000050838
694 .0000116928
695 .0000053380
696 .0000053380
697 .0000045754
698 .0000033045
699 .0000027961
700 .0000050838
701 .0000030503
702 .0000045754
703 .0000045754
704 .0000083883
705 .0000058464
706 .0000050838
707 .0000061006
708 .0000048296
709 .0000061006
710 .0000063548
711 .0000045754
712 .0000058464
713 .0000053380
714 .0000058464
715 .0000053380
716 .0000033045
717 .0000043212
718 .0000043212
719 .0000101677
720 .0000068632
721 .0000022877
722 .0000048296
723 .0000038128
724 .0000068632
725 .0000040670
726 .0000045754
727 .0000027961
728 .0000048296
729 .0000078799
730 .0000055922
731 .0000035587
732 .0000027961
733 .0000088967
734 .0000063548
735 .0000053380
736 .0000055922
737 .0000055922
738 .0000033045
739 .0000035587
740 .0000015251
741 .0000040670
742 .0000055922
743 .0000053380
744 .0000063548
745 .0000040670
746 .0000681237
747 .0000330451
748 .0000043212
749 .0000859172
750 .0000030503
751 .0000010167
752 .0000010167
753 .0000012709
754 .0000055922
755 .0000254193
756 .0000419418
757 .0000729534
758 .0001240462
759 .0001232836
760 .0001418397
761 .0001390436
762 .0001316720
763 .0001420939
764 .0001530242
765 .0001164204
766 .0001558204
767 .0000035587
768 .0000043212
769 .0000035587
770 .0000035587
771 .0000061006
772 .0000043212
773 .0000038128
774 .0000055922
775 .0000050838
776 .0000040670
777 .0000043212
778 .0000033045
779 .0000025419
780 .0000012709
781 .0000017793
782 .0000022877
783 .0000033045
784 .0000033045
785 .0000035587
786 .0000027961
787 .0000020335
788 .0000012709
789 .0000038128
790 .0000015251
791 .0000025419
792 .0000022877
793 .0000043212
794 .0000035587
795 .0000015251
796 .0000012709
797 .0000038128
798 .0000061006
799 .0000025419
800 .0000010167
801 .0000007625
802 .0000030503
803 .0000025419
804 .0000022877
805 .0000022877
806 .0000221148
807 .0000645650
808 .0000017793
809 .0000027961
810 .0000017793
811 .0000007625
812 .0000022877
813 .0000045754
814 .0000050838
815 .0000068632
816 .0000030503
817 .0000068632
818 .0000050838
819 .0000007625
820 .0000012709
821 .0000035587
822 .0000104219
823 .0000061006
824 .0000053380
825 .0000020335
826 .0000012709
827 .0000027961
828 .0000055922
829 .0000033045
830 .0000022877
831 .0000015251
832 .0000015251
833 .0000035587
834 .0000005083
835 .0000002541
836 .0000005083
837 .0000012709
838 .0000005083
839 .0000005083
840 .0000005083
841 .0000002541
842 .0000002541
843 .0000010167
844 .0000002541
845 .0000005083
846 .0000005083
847 .0000017793
848 .0000007625
849 .0000033045
850 .0000027961
851 .0000020335
852 .0000002541
853 .0000010167
854 .0000007625
855 .0000053380
856 .0000104219
857 .0000122012
858 .0000020335
859 .0000035587
860 .0000068632
861 .0000066090
862 .0000038128
863 .0000068632
864 .0000030503
865 .0000035587
866 .0000050838
867 .0000063548
868 .0000055922
869 .0000010167
870 .0000005083
871 .0000007625
872 .0000030503
873 .0000025419
874 .0000025419
875 .0000053380
876 .0000017793
877 .0000005083
878 .0000012709
879 .0000053380
880 .0000030503
881 .0000022877
882 .0000045754
883 .0000007625
884 .0000066090
885 .0000058464
886 .0000419418
887 .0000040670
888 .0000030503
889 .0000015251
890 .0000040670
891 .0000007625
892 .0000038128
893 .0000055922
894 .0000035587
895 .0000035587
896 .0000027961
897 .0000030503
898 .0000020335
899 .0000022877
900 .0000038128
901 .0000043212
902 .0000027961
903 .0000027961
904 .0000012709
905 .0000038128
906 .0000020335
907 .0000020335
908 .0000022877
909 .0000035587
910 .0000030503
911 .0000030503
912 .0000027961
913 .0000025419
914 .0000025419
915 .0000017793
916 .0000030503
917 .0000022877
918 .0000025419
919 .0000038128
920 .0000020335
921 .0000033045
922 .0000010167
923 .0000017793
924 .0000015251
925 .0000012709
926 .0000017793
927 .0000010167
928 .0000002541
929 .0000010167
930 .0000012709
931 .0000005083
932 .0000076257
933 .0000086425
934 .0000002541
935 .0000025419
936 .0000030503
937 .0000015251
938 .0000020335
939 .0000058464
940 .0000053380
941 .0000022877
942 .0000030503
943 .0000045754
944 .0000022877
945 .0000038128
946 .0000030503
947 .0000020335
948 .0000030503
949 .0000030503
950 .0000012709
951 .0000022877
952 .0000010167
953 .0000017793
954 .0000007625
955 .0000030503
956 .0000005083
957 .0000015251
958 .0000010167
959 .0000010167
960 .0000010167
961 .0000002541
962 .0000012709
963 .0000005083
964 0
965 .0000005083
966 .0000007625
967 .0000012709
968 .0000010167
969 .0000002541
970 .0000030503
971 .0000040670
972 .0000012709
973 .0000025419
974 .0000071174
975 .0000043212
976 .0000068632
977 .0000035587
978 .0000012709
979 .0000096593
980 .0000048296
981 .0000083883
982 .0000066090
983 .0000027961
984 .0000027961
985 .0000040670
986 .0000017793
987 .0000035587
988 .0000015251
989 .0000027961
990 .0000038128
991 .0000035587
992 .0000017793
993 .0000022877
994 .0000033045
995 .0000025419
996 .0000027961
997 .0000022877
998 .0000033045
999 .0000027961
1000 .0000020335
1001 .0000020335
1002 .0000025419
1003 .0000030503
1004 .0000025419
1005 .0000043212
1006 .0000020335
1007 .0000033045
1008 .0000012709
1009 .0000025419
1010 .0000033045
1011 .0000038128
1012 .0000038128
1013 .0000040670
1014 .0000022877
1015 .0000027961
1016 .0000027961
1017 .0000015251
1018 .0000040670
1019 .0000033045
1020 .0000030503
1021 .0000025419
1022 .0000030503
1023 .0000030503
1024 .0000030503
1025 .0000022877
1026 .0000038128
1027 .0000025419
1028 .0000020335
1029 .0000020335
1030 .0000022877
1031 .0000012709
1032 .0000027961
1033 .0000043212
1034 .0000033045
1035 .0000022877
1036 .0000035587
1037 .0000025419
1038 .0000017793
1039 .0000025419
1040 .0000020335
1041 .0000040670
1042 .0000035587
1043 .0000050838
1044 .0000007625
1045 .0000053380
1046 .0000005083
1047 .0000033045
1048 .0000030503
1049 .0000030503
1050 .0000012709
1051 .0000025419
1052 .0000033045
1053 .0000017793
1054 .0000025419
1055 .0000030503
1056 .0000038128
1057 .0000033045
1058 .0000025419
1059 .0000010167
1060 .0000010167
1061 .0000022877
1062 .0000048296
1063 .0000020335
1064 .0000035587
1065 .0000033045
1066 .0000007625
1067 .0000043212
1068 .0000017793
1069 .0000015251
1070 .0000010167
1071 .0000007625
1072 0
1073 0
1074 0
1075 .0000012709
1076 .0000005083
1077 .0000005083
1078 .0000017793
1079 .0000033045
1080 .0000015251
1081 .0000048296
1082 .0000038128
1083 .0000083883
1084 .0000022877
1085 .0000106761
1086 .0000025419
1087 .0000017793
1088 .0000035587
1089 .0000022877
1090 .0000017793
1091 .0000027961
1092 .0000033045
1093 .0000017793
1094 .0000007625
1095 .0000020335
1096 .0000040670
1097 .0000020335
1098 .0000030503
1099 .0000020335
1100 .0000221148
1101 .0000025419
1102 .0000022877
1103 .0000022877
1104 .0000020335
1105 .0000035587
1106 .0000043212
1107 .0000017793
1108 .0000040670
1109 .0000020335
1110 .0000020335
1111 .0000025419
1112 .0000017793
1113 .0000020335
1114 .0000022877
1115 .0000033045
1116 .0000012709
1117 .0000033045
1118 .0000012709
1119 .0000033045
1120 .0000020335
1121 .0000027961
1122 .0000025419
1123 .0000030503
1124 .0000015251
1125 .0000033045
1126 .0000030503
1127 .0000022877
1128 .0000033045
1129 .0000025419
1130 .0000025419
1131 .0000022877
1132 .0000025419
1133 .0000025419
1134 .0000025419
1135 .0000017793
1136 .0000025419
1137 .0000017793
1138 .0000045754
1139 .0000025419
1140 .0000012709
1141 .0000030503
1142 .0000010167
1143 .0000030503
1144 .0000015251
1145 .0000010167
1146 .0000005083
1147 .0000030503
1148 .0000025419
1149 .0000043212
1150 .0000012709
1151 .0000015251
1152 .0000045754
1153 .0000050838
1154 .0000030503
1155 .0000043212
1156 .0000025419
1157 .0000048296
1158 .0000017793
1159 .0000027961
1160 .0000015251
1161 .0000020335
1162 .0000012709
1163 .0000010167
1164 .0000012709
1165 .0000015251
1166 .0000005083
1167 .0000022877
1168 .0000025419
1169 .0000045754
1170 .0000038128
1171 .0000063548
1172 .0000055922
1173 .0000043212
1174 .0000035587
1175 .0000025419
1176 .0000063548
1177 .0000043212
1178 .0000015251
1179 .0000043212
1180 .0000020335
1181 .0000027961
1182 .0000015251
1183 .0000010167
1184 .0000007625
1185 .0000012709
1186 .0000010167
1187 .0000025419
1188 .0000048296
1189 .0000025419
1190 .0000027961
1191 .0000048296
1192 .0000045754
1193 .0000071174
1194 .0000040670
1195 .0000027961
1196 .0000027961
1197 .0000030503
1198 .0000022877
1199 .0000035587
1200 .0000025419
1201 .0000015251
1202 .0000017793
1203 .0000022877
1204 .0000033045
1205 .0000022877
1206 .0000020335
1207 .0000020335
1208 .0000040670
1209 .0000033045
1210 .0000020335
1211 .0000048296
1212 .0000022877
1213 .0000027961
1214 .0000033045
1215 .0000030503
1216 .0000027961
1217 .0000022877
1218 .0000033045
1219 .0000033045
1220 .0000027961
1221 .0000033045
1222 .0000035587
1223 .0000020335
1224 .0000022877
1225 .0000027961
1226 .0000020335
1227 .0000012709
1228 .0000038128
1229 .0000027961
1230 .0000022877
1231 .0000043212
1232 .0000033045
1233 .0000027961
1234 .0000035587
1235 .0000027961
1236 .0000017793
1237 .0000030503
1238 .0000020335
1239 .0000025419
1240 .0000022877
1241 .0000038128
1242 .0000033045
1243 .0000033045
1244 .0000035587
1245 .0000035587
1246 .0000022877
1247 .0000030503
1248 .0000022877
1249 .0000033045
1250 .0000020335
1251 .0000033045
1252 .0000020335
1253 .0000022877
1254 .0000025419
1255 .0000020335
1256 .0000035587
1257 .0000022877
1258 .0000025419
1259 .0000030503
1260 .0000033045
1261 .0000038128
1262 .0000020335
1263 .0000017793
1264 .0000022877
1265 .0000025419
1266 .0000017793
1267 .0000025419
1268 .0000015251
1269 .0000030503
1270 .0000025419
1271 .0000020335
1272 .0000025419
1273 .0000033045
1274 .0000022877
1275 .0000025419
1276 .0000010167
1277 .0000038128
1278 .0000045754
1279 .0000027961
1280 .0000035587
1281 .0000020335
1282 .0000033045
1283 .0000038128
1284 .0000030503
1285 .0000035587
1286 .0000027961
1287 .0000025419
1288 .0000027961
1289 .0000035587
1290 .0000025419
1291 .0000033045
1292 .0000022877
1293 .0000027961
1294 .0000025419
1295 .0000035587
1296 .0000025419
1297 .0000022877
1298 .0000027961
1299 .0000025419
1300 .0000033045
1301 .0000033045
1302 .0000030503
1303 .0000022877
1304 .0000035587
1305 .0000030503
1306 .0000022877
1307 .0000030503
1308 .0000025419
1309 .0000027961
1310 .0000022877
1311 .0000035587
1312 .0000025419
1313 .0000025419
1314 .0000038128
1315 .0000015251
1316 .0000025419
1317 .0000027961
1318 .0000017793
1319 .0000015251
1320 .0000043212
1321 .0000025419
1322 .0000030503
1323 .0000022877
1324 .0000022877
1325 .0000022877
1326 .0000033045
1327 .0000035587
1328 .0000022877
1329 .0000022877
1330 .0000022877
1331 .0000035587
1332 .0000020335
1333 .0000017793
1334 .0000033045
1335 .0000022877
1336 .0000022877
1337 .0000025419
1338 .0000020335
1339 .0000068632
1340 .0000027961
1341 .0000025419
1342 .0000015251
1343 .0000022877
1344 .0000040670
1345 .0000050838
1346 .0000007625
1347 .0000022877
1348 .0000043212
1349 .0000020335
1350 .0000030503
1351 .0000025419
1352 .0000033045
1353 .0000025419
1354 .0000045754
1355 .0000045754
1356 .0000020335
1357 .0000015251
1358 .0000030503
1359 .0000040670
1360 .0000022877
1361 .0000040670
1362 .0000015251
1363 .0000017793
1364 .0000015251
1365 .0000017793
1366 .0000030503
1367 .0000015251
1368 .0000017793
1369 .0000012709
1370 .0000020335
1371 .0000094051
1372 .0000027961
1373 .0000010167
1374 .0000033045
1375 .0000030503
1376 .0000043212
1377 .0000030503
1378 .0000007625
1379 .0000050838
1380 .0000058464
1381 .0000043212
1382 .0000030503
1383 .0000017793
1384 .0000020335
1385 .0000022877
1386 .0000025419
1387 .0000030503
1388 .0000033045
1389 .0000025419
1390 .0000048296
1391 .0000020335
1392 .0000020335
1393 .0000048296
1394 .0000033045
1395 .0000022877
1396 .0000020335
1397 .0000033045
1398 .0000022877
1399 .0000027961
1400 .0000030503
1401 .0000017793
1402 .0000030503
1403 .0000020335
1404 .0000033045
1405 .0000035587
1406 .0000035587
1407 .0000035587
1408 .0000022877
1409 .0000040670
1410 .0000061006
1411 .0000022877
1412 .0000022877
1413 .0000020335
1414 .0000017793
1415 .0000017793
1416 .0000033045
1417 .0000010167
1418 .0000045754
1419 .0000033045
1420 .0000030503
1421 .0000022877
1422 .0000027961
1423 .0000027961
1424 .0000040670
1425 .0000030503
1426 .0000025419
1427 .0000038128
1428 .0000030503
1429 .0000020335
1430 .0000022877
1431 .0000030503
1432 .0000025419
1433 .0000050838
1434 .0000027961
1435 .0000020335
1436 .0000017793
1437 .0000030503
1438 .0000033045
1439 .0000043212
1440 .0000030503
1441 .0000022877
1442 .0000020335
1443 .0000022877
1444 .0000035587
1445 .0000022877
1446 .0000017793
1447 .0000017793
1448 .0000043212
1449 .0000025419
1450 .0000012709
1451 .0000020335
1452 .0000033045
1453 .0000038128
1454 .0000038128
1455 .0000027961
1456 .0000033045
1457 .0000017793
1458 .0000020335
1459 .0000020335
1460 .0000020335
1461 .0000012709
1462 .0000017793
1463 .0000017793
1464 .0000027961
1465 .0000022877
1466 .0000020335
1467 .0000043212
1468 .0000040670
1469 .0000030503
1470 .0000038128
1471 .0000030503
1472 .0000027961
1473 .0000027961
1474 .0000040670
1475 .0000043212
1476 .0000025419
1477 .0000040670
1478 .0000035587
1479 .0000027961
1480 .0000025419
1481 .0000030503
1482 .0000043212
1483 .0000033045
1484 .0000033045
1485 .0000022877
1486 .0000022877
1487 .0000030503
1488 .0000066090
1489 .0000226231
1490 .0001034566
1491 .0001446359
1492 .0000711740
1493 .0000676153
1494 .0000604979
1495 .0000747327
1496 .0000716824
1497 .0000681237
1498 .0000681237
1499 .0000673611
1500 .0000683779
1501 .0000630399
1502 .0000592270
1503 .0000627857
1504 .0000627857
1505 .0000668528
1506 .0000744785
1507 .0000602437
1508 .0000729534
1509 .0000536347
1510 .0000655818
1511 .0000005083
1512 .0000010167
1513 .0000002541
1514 .0000002541
1515 .0000002541
1516 .0000010167
1517 .0000005083
1518 .0000007625
1519 .0000010167
1520 .0000012709
1521 0
1522 .0000007625
1523 .0000007625
1524 .0000005083
1525 .0000005083
1526 .0000005083
1527 .0000002541
1528 .0000005083
1529 .0000002541
1530 .0000010167
1531 .0000007625
1532 .0000005083
1533 .0000007625
1534 .0000005083
1535 .0000010167
1536 .0000007625
1537 .0000012709
1538 .0000002541
1539 .0000002541
1540 .0000002541
1541 .0000007625
1542 .0000012709
1543 .0000005083
1544 .0000007625
1545 .0000010167
1546 .0000015251
1547 .0000005083
1548 .0000022877
1549 .0000012709
1550 .0000012709
1551 .0000007625
1552 .0000017793
1553 .0000020335
1554 .0000020335
1555 .0000017793
1556 .0000025419
1557 .0000020335
1558 .0000020335
1559 .0000030503
1560 .0000020335
1561 .0000030503
1562 .0000030503
1563 .0000033045
1564 .0000038128
1565 .0000048296
1566 .0000038128
1567 .0000035587
1568 .0000043212
1569 .0000043212
1570 .0000053380
1571 .0000050838
1572 .0000043212
1573 .0000040670
1574 .0000038128
1575 .0000015251
1576 .0000038128
1577 .0000038128
1578 .0000007625
1579 .0000012709
1580 .0000017793
1581 .0000033045
1582 .0000022877
1583 .0000015251
1584 .0000063548
1585 .0000033045
1586 .0000030503
1587 .0000020335
1588 .0000053380
1589 .0000012709
1590 .0000846463
1591 .0000027961
1592 .0000020335
1593 .0000045754
1594 .0000025419
1595 .0000010167
1596 .0000012709
1597 .0000025419
1598 .0000010167
1599 0
1600 .0000020335
1601 .0000017793
1602 .0000007625
1603 .0000007625
1604 .0000007625
1605 .0000007625
1606 .0000015251
1607 .0000020335
1608 .0000007625
1609 .0000017793
1610 .0000002541
1611 .0000015251
1612 .0000015251
1613 .0000002541
1614 .0000005083
1615 .0000005083
1616 .0000002541
1617 .0000012709
1618 .0000002541
1619 .0000005083
1620 .0000002541
1621 .0000005083
1622 .0000007625
1623 .0000010167
1624 .0000020335
1625 .0000043212
1626 .0000083883
1627 .0000040670
1628 .0000007625
1629 .0000048296
1630 .0000043212
1631 .0000066090
1632 .0000063548
1633 .0000015251
1634 .0000033045
1635 .0000002541
1636 .0000002541
1637 0
1638 .0000007625
1639 .0000012709
1640 .0000002541
1641 .0000010167
1642 0
1643 .0000007625
1644 .0000005083
1645 .0000020335
1646 .0000040670
1647 .0000033045
1648 .0000010167
1649 .0000012709
1650 .0000048296
1651 .0000022877
1652 .0000005083
1653 .0000005083
1654 .0000010167
1655 .0000005083
1656 .0000002541
1657 .0000002541
1658 .0000007625
1659 .0000012709
1660 .0000005083
1661 .0000007625
1662 .0000005083
1663 .0000002541
1664 .0000002541
1665 0
1666 .0000012709
1667 .0000002541
1668 .0000015251
1669 .0000007625
1670 .0000012709
1671 .0000007625
1672 .0000002541
1673 .0000010167
1674 .0000010167
1675 .0000010167
1676 0
1677 .0000005083
1678 .0000025419
1679 .0000002541
1680 .0000017793
1681 0
1682 .0000005083
1683 .0000002541
1684 .0000010167
1685 .0000007625
1686 .0000007625
1687 .0000007625
1688 .0000007625
1689 0
1690 .0000005083
1691 .0000005083
1692 .0000007625
1693 .0000007625
1694 0
1695 .0000007625
1696 .0000005083
1697 0
1698 .0000002541
1699 .0000005083
1700 .0000002541
1701 0
1702 .0000007625
1703 .0000010167
1704 .0000007625
1705 0
1706 .0000010167
1707 .0000002541
1708 .0000030503
1709 .0000025419
1710 .0000038128
1711 .0000111844
1712 .0000035587
1713 .0000035587
1714 .0000116928
1715 .0000061006
1716 .0000124554
1717 .0000038128
1718 .0000094051
1719 .0000017793
1720 .0000017793
1721 .0000017793
1722 .0000005083
1723 .0000010167
1724 .0000002541
1725 .0000119470
1726 .0000012709
1727 .0000007625
1728 .0000017793
1729 .0000005083
1730 .0000005083
1731 .0000025419
1732 .0000007625
1733 .0000020335
1734 .0000017793
1735 .0000007625
1736 .0000005083
1737 .0000007625
1738 .0000005083
1739 .0000010167
1740 .0000005083
1741 0
1742 .0000010167
1743 .0000022877
1744 .0000050838
1745 .0000010167
1746 .0000010167
1747 0
1748 .0000005083
1749 .0000043212
1750 .0000007625
1751 .0000027961
1752 .0000091509
1753 0
1754 .0000005083
1755 .0000005083
1756 0
1757 .0000007625
1758 .0000005083
1759 .0000015251
1760 .0000015251
1761 .0000030503
1762 .0000010167
1763 .0000002541
1764 .0000007625
1765 .0000073716
1766 .0000040670
1767 .0000035587
1768 .0000015251
1769 0
1770 .0000007625
1771 .0000010167
1772 .0000017793
1773 .0000033045
1774 .0000005083
1775 .0000015251
1776 .0000007625
1777 .0000007625
1778 .0000005083
1779 .0000002541
1780 .0000005083
1781 .0000005083
1782 .0000005083
1783 .0000017793
1784 .0000022877
1785 .0000002541
1786 .0000045754
1787 .0000035587
1788 .0000007625
1789 .0000012709
1790 .0000010167
1791 .0000005083
1792 .0000017793
1793 .0000030503
1794 .0000010167
1795 .0000012709
1796 .0000005083
1797 .0000025419
1798 .0000007625
1799 .0000022877
1800 .0000010167
1801 .0000035587
1802 .0000022877
1803 .0000015251
1804 .0000012709
1805 .0000409251
1806 .0000012709
1807 .0000017793
1808 .0000027961
1809 .0000035587
1810 .0000030503
1811 .0000015251
1812 .0000012709
1813 .0000017793
1814 .0000012709
1815 .0000007625
1816 .0000025419
1817 .0000007625
1818 .0000010167
1819 .0000015251
1820 .0000010167
1821 .0000010167
1822 .0000007625
1823 .0000022877
1824 .0000015251
1825 .0000012709
1826 .0000025419
1827 .0000012709
1828 .0000015251
1829 .0000010167
1830 .0000012709
1831 .0000015251
1832 .0000022877
1833 .0000020335
1834 .0000030503
1835 .0000022877
1836 .0000020335
1837 .0000010167
1838 .0000010167
1839 .0000025419
1840 .0000012709
1841 .0000002541
1842 .0000020335
1843 .0000017793
1844 .0000005083
1845 0
1846 .0000002541
1847 .0000007625
1848 .0000017793
1849 .0000012709
1850 .0000010167
1851 .0000010167
1852 0
1853 .0000002541
1854 .0000002541
1855 .0000012709
1856 .0000007625
1857 0
1858 .0000005083
1859 .0000007625
1860 .0000005083
1861 .0000007625
1862 .0000005083
1863 .0000017793
1864 .0000068632
1865 .0000048296
1866 .0000033045
1867 .0000061006
1868 .0000043212
1869 .0000007625
1870 .0000022877
1871 .0000022877
1872 .0000017793
1873 .0000002541
1874 .0000015251
1875 .0000020335
1876 .0000005083
1877 .0000022877
1878 .0000025419
1879 .0000027961
1880 .0000010167
1881 .0000017793
1882 .0000007625
1883 .0000022877
1884 .0000017793
1885 .0000027961
1886 .0000015251
1887 .0000017793
1888 .0000010167
1889 .0000022877
1890 .0000005083
1891 .0000017793
1892 .0000022877
1893 .0000007625
1894 .0000025419
1895 .0000005083
1896 .0000022877
1897 .0000025419
1898 .0000010167
1899 .0000005083
1900 .0000012709
1901 .0000002541
1902 .0000005083
1903 .0000007625
1904 .0000010167
1905 .0000010167
1906 .0000005083
1907 .0000002541
1908 .0000005083
1909 .0000007625
1910 .0000007625
1911 .0000002541
1912 .0000007625
1913 .0000002541
1914 0
1915 .0000005083
1916 .0000005083
1917 .0000002541
1918 .0000002541
1919 .0000010167
1920 .0000002541
1921 .0000010167
1922 0
1923 .0000012709
1924 .0000002541
1925 .0000010167
1926 .0000002541
1927 .0000010167
1928 .0000005083
1929 .0000012709
1930 .0000002541
1931 .0000007625
1932 0
1933 .0000002541
1934 .0000007625
1935 .0000002541
1936 .0000012709
1937 .0000007625
1938 .0000005083
1939 0
1940 .0000017793
1941 .0000022877
1942 .0000012709
1943 .0000025419
1944 .0000033045
1945 .0000091509
1946 .0000035587
1947 .0000106761
1948 .0000096593
1949 .0000081341
1950 0
1951 .0000010167
1952 .0000007625
1953 .0000038128
1954 .0000010167
1955 .0000005083
1956 .0000017793
1957 .0000022877
1958 .0000012709
1959 .0000022877
1960 .0000043212
1961 .0000027961
1962 .0000020335
1963 .0000017793
1964 .0000025419
1965 .0000015251
1966 .0000010167
1967 .0000007625
1968 .0000012709
1969 .0000017793
1970 .0000010167
1971 .0000030503
1972 .0000017793
1973 .0000030503
1974 .0000025419
1975 .0000022877
1976 .0000010167
1977 .0000015251
1978 .0000010167
1979 .0000033045
1980 .0000022877
1981 .0000017793
1982 .0000027961
1983 .0000022877
1984 .0000015251
1985 .0000010167
1986 .0000022877
1987 .0000007625
1988 .0000010167
1989 .0000012709
1990 .0000012709
1991 .0000027961
1992 .0000010167
1993 .0000007625
1994 .0000012709
1995 .0000015251
1996 .0000017793
1997 .0000015251
1998 .0000027961
1999 .0000015251
2000 .0000015251
2001 .0000012709
2002 .0000022877
2003 .0000002541
2004 .0000012709
2005 .0000017793
2006 .0000015251
2007 .0000020335
2008 .0000017793
2009 .0000010167
2010 .0000017793
2011 .0000017793
2012 .0000010167
2013 .0000035587
2014 .0000010167
2015 .0000020335
2016 .0000005083
2017 .0000027961
2018 .0000017793
2019 .0000010167
2020 .0000017793
2021 .0000012709
2022 .0000010167
2023 .0000017793
2024 .0000020335
2025 .0000020335
2026 .0000010167
2027 .0000005083
2028 .0000020335
2029 .0000002541
2030 .0000017793
2031 .0000012709
2032 .0000025419
2033 .0000017793
2034 .0000017793
2035 .0000007625
2036 .0000017793
2037 .0000012709
2038 .0000020335
2039 .0000022877
2040 .0000020335
2041 .0000020335
2042 .0000020335
2043 .0000012709
2044 .0000020335
2045 .0000017793
2046 .0000012709
2047 .0000017793
2048 .0184376474
