0 0.002944
1 0.002236
2 0.002167
3 0.002182
4 0.002205
5 0.002099
6 0.002125
7 0.002185
8 0.002118
9 0.002145
10 0.002075
11 0.002151
12 0.002067
13 0.002076
14 0.002197
15 0.002167
16 0.002185
17 0.002184
18 0.00207
19 0.002141
20 0.002121
21 0.002093
22 0.002126
23 0.002093
24 0.002164
25 0.002074
26 0.002113
27 0.002101
28 0.002063
29 0.002089
30 0.002158
31 0.002092
32 0.002022
33 0.002089
34 0.00211
35 0.002106
36 0.002123
37 0.002092
38 0.002082
39 0.002164
40 0.002143
41 0.002008
42 0.002126
43 0.002142
44 0.002111
45 0.002103
46 0.00205
47 0.002114
48 0.002114
49 0.002101
50 0.002025
51 0.002129
52 0.002243
53 0.002112
54 0.002093
55 0.002146
56 0.002134
57 0.002053
58 0.002108
59 0.002188
60 0.002155
61 0.00214
62 0.002192
63 0.002105
64 0.002097
65 0.002065
66 0.002069
67 0.002016
68 0.00206
69 0.002041
70 0.002091
71 0.002114
72 0.002055
73 0.002063
74 0.002104
75 0.002142
76 0.002095
77 0.002141
78 0.002085
79 0.002154
80 0.002103
81 0.002246
82 0.00207
83 0.002104
84 0.002082
85 0.00199
86 0.002134
87 0.002101
88 0.0021
89 0.00211
90 0.002132
91 0.002073
92 0.002171
93 0.002083
94 0.002076
95 0.002064
96 0.002071
97 0.002086
98 0.002099
99 0.002145
100 0.00219
101 0.002133
102 0.00205
103 0.002122
104 0.002034
105 0.002088
106 0.002001
107 0.002125
108 0.002128
109 0.002061
110 0.002187
111 0.002081
112 0.002022
113 0.00212
114 0.002021
115 0.001968
116 0.002076
117 0.002093
118 0.002038
119 0.00208
120 0.002129
121 0.002203
122 0.002039
123 0.002136
124 0.002095
125 0.002046
126 0.002069
127 0.002112
128 0.002113
129 0.002019
130 0.001992
131 0.002097
132 0.002081
133 0.002098
134 0.002088
135 0.002067
136 0.002107
137 0.002063
138 0.002139
139 0.00214
140 0.002043
141 0.002153
142 0.00209
143 0.00211
144 0.002095
145 0.002036
146 0.002047
147 0.002052
148 0.002042
149 0.002128
150 0.002051
151 0.00212
152 0.002023
153 0.002029
154 0.002141
155 0.002078
156 0.002164
157 0.002062
158 0.00214
159 0.002097
160 0.002089
161 0.002079
162 0.002063
163 0.002069
164 0.002084
165 0.002127
166 0.002065
167 0.002071
168 0.002072
169 0.002052
170 0.002132
171 0.002075
172 0.002032
173 0.002105
174 0.002096
175 0.002017
176 0.001962
177 0.002095
178 0.002008
179 0.002124
180 0.002067
181 0.002046
182 0.002101
183 0.002037
184 0.002088
185 0.0021
186 0.001993
187 0.002018
188 0.002151
189 0.002047
190 0.002054
191 0.002077
192 0.002054
193 0.002034
194 0.002018
195 0.002066
196 0.002103
197 0.002067
198 0.002108
199 0.002091
200 0.002076
201 0.002086
202 0.002077
203 0.002121
204 0.002052
205 0.002075
206 0.002068
207 0.00213
208 0.001964
209 0.002102
210 0.00207
211 0.002035
212 0.002038
213 0.002019
214 0.002123
215 0.00211
216 0.002005
217 0.002152
218 0.002065
219 0.002075
220 0.00207
221 0.00215
222 0.002041
223 0.002042
224 0.002054
225 0.002075
226 0.002087
227 0.001997
228 0.002048
229 0.001976
230 0.002072
231 0.002126
232 0.002142
233 0.002048
234 0.002042
235 0.002018
236 0.002035
237 0.002086
238 0.002092
239 0.002047
240 0.002166
241 0.002105
242 0.002111
243 0.002008
244 0.002109
245 0.002071
246 0.0021
247 0.002055
248 0.002128
249 0.002019
250 0.002064
251 0.002074
252 0.002044
253 0.001995
254 0.002122
255 0.002067
256 0.002117
257 0.002072
258 0.002044
259 0.002132
260 0.002058
261 0.001985
262 0.002148
263 0.002092
264 0.001988
265 0.00204
266 0.001988
267 0.002033
268 0.00212
269 0.002128
270 0.002074
271 0.002072
272 0.002067
273 0.002054
274 0.001992
275 0.002026
276 0.002094
277 0.00206
278 0.002066
279 0.002003
280 0.001996
281 0.002042
282 0.002057
283 0.002036
284 0.002056
285 0.002062
286 0.002164
287 0.002039
288 0.002015
289 0.00208
290 0.002018
291 0.002049
292 0.002134
293 0.002062
294 0.002151
295 0.002027
296 0.002105
297 0.002009
298 0.001982
299 0.00201
300 0.002066
301 0.002053
302 0.002041
303 0.002069
304 0.002013
305 0.002009
306 0.002114
307 0.002114
308 0.002032
309 0.002055
310 0.002059
311 0.002072
312 0.002073
313 0.002087
314 0.002064
315 0.002034
316 0.002147
317 0.001971
318 0.001994
319 0.002019
320 0.002003
321 0.002023
322 0.002037
323 0.002069
324 0.002047
325 0.001998
326 0.002033
327 0.002052
328 0.002
329 0.002012
330 0.002075
331 0.001935
332 0.002095
333 0.002082
334 0.002044
335 0.002112
336 0.002055
337 0.002002
338 0.00206
339 0.001987
340 0.001975
341 0.002073
342 0.00198
343 0.002056
344 0.002041
345 0.002026
346 0.00208
347 0.002073
348 0.001989
349 0.001998
350 0.002057
351 0.002041
352 0.002028
353 0.002003
354 0.001998
355 0.001965
356 0.002021
357 0.002081
358 0.00206
359 0.00207
360 0.002031
361 0.001994
362 0.001971
363 0.002158
364 0.002025
365 0.002018
366 0.002
367 0.002093
368 0.002024
369 0.002092
370 0.001976
371 0.00205
372 0.002042
373 0.00208
374 0.002059
375 0.00192
376 0.002005
377 0.002078
378 0.002002
379 0.001961
380 0.002047
381 0.002053
382 0.002027
383 0.002033
384 0.002028
385 0.002101
386 0.001983
387 0.002036
388 0.002026
389 0.002007
390 0.00207
391 0.002051
392 0.002013
393 0.002044
394 0.001992
395 0.002064
396 0.002035
397 0.002018
398 0.001954
399 0.002043
400 0.002018
401 0.002034
402 0.001931
403 0.002034
404 0.001997
405 0.001961
406 0.002046
407 0.002029
408 0.001977
409 0.001991
410 0.001976
411 0.002065
412 0.002003
413 0.002057
414 0.002006
415 0.00203
416 0.00199
417 0.002063
418 0.001995
419 0.001995
420 0.001996
421 0.002035
422 0.002015
423 0.001975
424 0.001929
425 0.001994
426 0.001977
427 0.002016
428 0.002036
429 0.0019
430 0.002006
431 0.002066
432 0.002015
433 0.002021
434 0.002094
435 0.00202
436 0.002064
437 0.002
438 0.00206
439 0.002017
440 0.002038
441 0.002137
442 0.002113
443 0.002203
444 0.002184
445 0.002185
446 0.002316
447 0.002412
448 0.002435
449 0.002499
450 0.002678
451 0.002689
452 0.002787
453 0.002846
454 0.002877
455 0.003047
456 0.003244
457 0.003248
458 0.003358
459 0.003459
460 0.003594
461 0.003687
462 0.003809
463 0.003705
464 0.003741
465 0.003877
466 0.003908
467 0.002242
468 0.002304
469 0.000905
470 0.000521
471 0.000477
472 0.000499
473 0.000569
474 0.000569
475 0.000473
476 0.000546
477 0.000143
478 0.000136
479 6.3e-05
480 7.6e-05
481 7.4e-05
482 5.9e-05
483 6.6e-05
484 5.5e-05
485 7.7e-05
486 5.5e-05
487 6.2e-05
488 4.8e-05
489 5.4e-05
490 7.4e-05
491 3.7e-05
492 4.8e-05
493 4.6e-05
494 4.4e-05
495 5e-05
496 1.3e-05
497 1.4e-05
498 2.2e-05
499 1.7e-05
