0 0.01493
1 0.01178
2 0.01161
3 0.01114
4 0.01092
5 0.01128
6 0.0115
7 0.01118
8 0.01094
9 0.01151
10 0.01079
11 0.01129
12 0.01099
13 0.01087
14 0.01073
15 0.01033
16 0.01079
17 0.01108
18 0.01078
19 0.01064
20 0.01036
21 0.01075
22 0.01052
23 0.01039
24 0.01062
25 0.01038
26 0.01085
27 0.01009
28 0.01058
29 0.01062
30 0.01101
31 0.01102
32 0.01003
33 0.01098
34 0.01079
35 0.01041
36 0.01018
37 0.01138
38 0.01078
39 0.01012
40 0.01051
41 0.01072
42 0.01098
43 0.01084
44 0.0096
45 0.01082
46 0.01064
47 0.01032
48 0.01046
49 0.01046
50 0.01054
51 0.01074
52 0.01023
53 0.00971
54 0.0102
55 0.01021
56 0.01011
57 0.01047
58 0.01131
59 0.0103
60 0.01107
61 0.01006
62 0.01059
63 0.01095
64 0.00966
65 0.01037
66 0.01077
67 0.01096
68 0.01005
69 0.01021
70 0.01063
71 0.01023
72 0.01016
73 0.01032
74 0.01046
75 0.01025
76 0.01054
77 0.01101
78 0.0104
79 0.01115
80 0.01135
81 0.01194
82 0.01295
83 0.01417
84 0.0144
85 0.01593
86 0.01673
87 0.01772
88 0.01055
89 0.00861
90 0.00167
91 0.00206
92 0.00231
93 0.00254
94 0.00092
95 4e-05
96 1e-05
97 2e-05
98 4e-05
99 9e-05
